Regen 1
5,00000	0,00000
10,00000	0,00000
15,00000	0,00000
20,00000	0,00000
25,00000	0,00000
30,00000	0,00000
35,00000	0,00000
40,00000	0,00000
45,00000	0,00000
50,00000	0,00000
55,00000	0,00000
60,00000	0,00000
65,00000	0,00000
70,00000	0,00000
75,00000	0,00000
80,00000	0,00000
85,00000	0,00000
90,00000	0,00000
95,00000	0,00000
100,00000	0,00000
105,00000	0,00000
110,00000	0,00000
115,00000	0,00000
120,00000	0,00000
125,00000	0,00000
130,00000	0,00000
135,00000	0,00000
140,00000	0,00000
145,00000	0,00000
150,00000	0,00000
155,00000	0,00000
160,00000	0,00000
165,00000	0,00000
170,00000	0,00000
175,00000	0,00000
180,00000	0,00000
185,00000	0,00000
190,00000	0,00000
195,00000	0,00000
200,00000	0,00000
205,00000	0,00000
210,00000	0,00000
215,00000	0,00000
220,00000	0,00000
225,00000	0,00000
230,00000	0,00000
235,00000	0,00000
240,00000	0,00000
245,00000	0,00000
250,00000	0,00000
255,00000	0,00000
260,00000	0,00000
265,00000	0,00000
270,00000	0,00000
275,00000	0,00000
280,00000	0,00000
285,00000	0,00000
290,00000	0,00000
295,00000	0,00000
300,00000	0,00000
305,00000	0,00000
310,00000	0,00000
315,00000	0,00000
320,00000	0,00000
325,00000	0,00000
330,00000	0,00000
335,00000	0,00000
340,00000	0,00000
345,00000	0,00000
350,00000	0,00000
355,00000	0,00000
360,00000	0,00000
365,00000	0,00000
370,00000	0,00000
375,00000	0,00000
380,00000	0,00000
385,00000	0,00000
390,00000	0,00000
395,00000	0,00000
400,00000	0,00000
405,00000	0,00000
410,00000	0,00000
415,00000	0,00000
420,00000	0,00000
425,00000	0,00000
430,00000	0,00000
435,00000	0,00000
440,00000	0,00000
445,00000	0,00000
450,00000	0,00000
455,00000	0,00000
460,00000	0,00000
465,00000	0,00000
470,00000	0,00000
475,00000	0,00000
480,00000	0,00000
485,00000	0,00000
490,00000	0,00000
495,00000	0,00000
500,00000	0,00000
505,00000	0,00000
510,00000	0,00000
515,00000	0,00000
520,00000	0,00000
525,00000	0,00000
530,00000	0,00000
535,00000	0,00000
540,00000	0,00000
545,00000	0,00000
550,00000	0,00000
555,00000	0,00000
560,00000	0,00000
565,00000	0,00000
570,00000	0,00000
575,00000	0,00000
580,00000	0,00000
585,00000	0,00000
590,00000	0,00000
595,00000	0,00000
600,00000	0,00000
605,00000	0,00000
610,00000	0,00000
615,00000	0,00000
620,00000	0,00000
625,00000	0,00000
630,00000	0,00000
635,00000	0,00000
640,00000	0,00000
645,00000	0,00000
650,00000	0,00000
655,00000	0,00000
660,00000	0,00000
665,00000	0,00000
670,00000	0,00000
675,00000	0,00000
680,00000	0,00000
685,00000	0,00000
690,00000	0,00000
695,00000	0,00000
700,00000	0,00000
705,00000	0,00000
710,00000	0,00000
715,00000	0,00000
720,00000	0,00000
725,00000	0,00000
730,00000	0,00000
735,00000	0,00000
740,00000	0,00000
745,00000	0,00000
750,00000	0,00000
755,00000	0,00000
760,00000	0,00000
765,00000	0,00000
770,00000	0,00000
775,00000	0,00000
780,00000	0,00000
785,00000	0,00000
790,00000	0,00000
795,00000	0,00000
800,00000	0,00000
805,00000	0,00000
810,00000	0,00000
815,00000	0,00000
820,00000	0,00000
825,00000	0,00000
830,00000	0,00000
835,00000	0,00000
840,00000	0,00000
845,00000	0,00000
850,00000	0,00000
855,00000	0,00000
860,00000	0,00000
865,00000	0,00000
870,00000	0,00000
875,00000	0,00000
880,00000	0,00000
885,00000	0,00000
890,00000	0,00000
895,00000	0,00000
900,00000	0,00000
905,00000	0,00000
910,00000	0,00000
915,00000	0,00000
920,00000	0,00000
925,00000	0,00000
930,00000	0,00000
935,00000	0,00000
940,00000	0,00000
945,00000	0,00000
950,00000	0,00000
955,00000	0,00000
960,00000	0,00000
965,00000	0,00000
970,00000	0,00000
975,00000	0,00000
980,00000	0,00000
985,00000	0,00000
990,00000	0,00000
995,00000	0,00000
1000,00000	0,00000
1005,00000	0,00000
1010,00000	0,00000
1015,00000	0,00000
1020,00000	0,00000
1025,00000	0,00000
1030,00000	0,00000
1035,00000	0,00000
1040,00000	0,00000
1045,00000	0,00000
1050,00000	0,00000
1055,00000	0,00000
1060,00000	0,00000
1065,00000	0,00000
1070,00000	0,00000
1075,00000	0,00000
1080,00000	0,00000
1085,00000	0,00000
1090,00000	0,00000
1095,00000	0,00000
1100,00000	0,00000
1105,00000	0,00000
1110,00000	0,00000
1115,00000	0,00000
1120,00000	0,00000
1125,00000	0,00000
1130,00000	0,00000
1135,00000	0,00000
1140,00000	0,00000
1145,00000	0,00000
1150,00000	0,00001
1155,00000	0,00001
1160,00000	0,00002
1165,00000	0,00004
1170,00000	0,00008
1175,00000	0,00016
1180,00000	0,00030
1185,00000	0,00058
1190,00000	0,00113
1195,00000	0,00217
1200,00000	0,00415
1205,00000	0,00778
1210,00000	0,01432
1215,00000	0,02577
1220,00000	0,04531
1225,00000	0,07790
1230,00000	0,13114
1235,00000	0,21649
1240,00000	0,35107
1245,00000	0,56007
1250,00000	0,88002
1255,00000	1,36332
1260,00000	2,08431
1265,00000	3,14749
1270,00000	4,69897
1275,00000	6,94179
1280,00000	10,15696
1285,00000	14,73171
1290,00000	21,19701
1295,00000	30,27666
1300,00000	42,94924
1305,00000	60,52300
1310,00000	84,71976
1315,00000	117,75790
1320,00000	162,41203
1325,00000	221,98085
1330,00000	300,22406
1335,00000	401,10626
1340,00000	528,31061
1345,00000	684,59729
1350,00000	871,09558
1355,00000	1086,75708
1360,00000	1328,12524
1365,00000	1589,68738
1370,00000	1864,92566
1375,00000	2147,17676
1380,00000	2430,56714
1385,00000	2710,24634
1390,00000	2982,55518
1395,00000	3245,11768
1400,00000	3496,77173
1405,00000	3736,79346
1410,00000	3965,07227
1415,00000	4181,85449
1420,00000	4387,51855
1425,00000	4582,50830
1430,00000	4767,29834
1435,00000	4942,36572
1440,00000	5108,17041
1445,00000	5265,15967
1450,00000	5413,77002
1455,00000	5554,42969
1460,00000	5687,55859
1465,00000	5813,56592
1470,00000	5932,84863
1475,00000	6045,79102
1480,00000	6152,76221
1485,00000	6254,11328
1490,00000	6350,17627
1495,00000	6441,26465
1500,00000	6527,66895
1505,00000	6609,65967
1510,00000	6687,48486
1515,00000	6761,37402
1520,00000	6831,53662
1525,00000	6898,16455
1530,00000	6961,43408
1535,00000	7021,50635
1540,00000	7078,53076
1545,00000	7132,64502
1550,00000	7183,97852
1555,00000	7232,64551
1560,00000	7278,76123
1565,00000	7322,43555
1570,00000	7363,77100
1575,00000	7402,86426
1580,00000	7439,81104
1585,00000	7474,69580
1590,00000	7507,60010
1595,00000	7538,60400
1600,00000	7567,78418
1605,00000	7595,21191
1610,00000	7620,95947
1615,00000	7645,09717
1620,00000	7667,68994
1625,00000	7688,79834
1630,00000	7708,48096
1635,00000	7726,79199
1640,00000	7743,78320
1645,00000	7759,50391
1650,00000	7773,99951
1655,00000	7787,31396
1660,00000	7799,48682
1665,00000	7810,55713
1670,00000	7820,56006
1675,00000	7829,52783
1680,00000	7837,49268
1685,00000	7844,48145
1690,00000	7850,52100
1695,00000	7855,63525
1700,00000	7859,84619
1705,00000	7863,17334
1710,00000	7865,63623
1715,00000	7867,25098
1720,00000	7868,03320
1725,00000	7867,99561
1730,00000	7867,15039
1735,00000	7865,50732
1740,00000	7863,07617
1745,00000	7859,86426
1750,00000	7855,87842
1755,00000	7851,12451
1760,00000	7845,60645
1765,00000	7839,32813
1770,00000	7832,29102
1775,00000	7824,49707
1780,00000	7815,94678
1785,00000	7806,63965
1790,00000	7796,57568
1795,00000	7785,75195
1800,00000	7774,16748
1805,00000	7761,81885
1810,00000	7748,70313
1815,00000	7734,81592
1820,00000	7720,15283
1825,00000	7704,70947
1830,00000	7688,47998
1835,00000	7671,45947
1840,00000	7653,64160
1845,00000	7635,02051
1850,00000	7615,58936
1855,00000	7595,34229
1860,00000	7574,27246
1865,00000	7552,37256
1870,00000	7529,63672
1875,00000	7506,05811
1880,00000	7481,62891
1885,00000	7456,34375
1890,00000	7430,19580
1895,00000	7403,17871
1900,00000	7375,28662
1905,00000	7346,51416
1910,00000	7316,85498
1915,00000	7286,30518
1920,00000	7254,85938
1925,00000	7222,51367
1930,00000	7189,26514
1935,00000	7155,10986
1940,00000	7120,04590
1945,00000	7084,07129
1950,00000	7047,18506
1955,00000	7009,38672
1960,00000	6970,67627
1965,00000	6931,05518
1970,00000	6890,52539
1975,00000	6849,08936
1980,00000	6806,75098
1985,00000	6763,51514
1990,00000	6719,39209
1995,00000	6674,38672
2000,00000	6628,50439
2005,00000	6581,75244
2010,00000	6534,13916
2015,00000	6485,67432
2020,00000	6436,37061
2025,00000	6386,23975
2030,00000	6335,29590
2035,00000	6283,55322
2040,00000	6231,02734
2045,00000	6177,73584
2050,00000	6123,69580
2055,00000	6068,92627
2060,00000	6013,44580
2065,00000	5957,27588
2070,00000	5900,43701
2075,00000	5842,95166
2080,00000	5784,84277
2085,00000	5726,13330
2090,00000	5666,84766
2095,00000	5607,01123
2100,00000	5546,64941
2105,00000	5485,78760
2110,00000	5424,45313
2115,00000	5362,67334
2120,00000	5300,47607
2125,00000	5237,88818
2130,00000	5174,93945
2135,00000	5111,65967
2140,00000	5048,07568
2145,00000	4984,21729
2150,00000	4920,11475
2155,00000	4855,79785
2160,00000	4791,29590
2165,00000	4726,63770
2170,00000	4661,85254
2175,00000	4596,97217
2180,00000	4532,02539
2185,00000	4467,04004
2190,00000	4402,04883
2195,00000	4337,07715
2200,00000	4272,15479
2205,00000	4207,30713
2210,00000	4142,56689
2215,00000	4077,95703
2220,00000	4013,50684
2225,00000	3949,24561
2230,00000	3885,19434
2235,00000	3821,37988
2240,00000	3757,83032
2245,00000	3694,56934
2250,00000	3631,61890
2255,00000	3569,00244
2260,00000	3506,74023
2265,00000	3444,85767
2270,00000	3383,37720
2275,00000	3322,32031
2280,00000	3261,70337
2285,00000	3201,54199
2290,00000	3141,85229
2295,00000	3082,65869
2300,00000	3023,96997
2305,00000	2965,81274
2310,00000	2908,19507
2315,00000	2851,14136
2320,00000	2794,65503
2325,00000	2738,76196
2330,00000	2683,45923
2335,00000	2628,76855
2340,00000	2574,70239
2345,00000	2521,25977
2350,00000	2468,45581
2355,00000	2416,30713
2360,00000	2364,81348
2365,00000	2313,97900
2370,00000	2263,81372
2375,00000	2214,32593
2380,00000	2165,52490
2385,00000	2117,41479
2390,00000	2069,99243
2395,00000	2023,26245
2400,00000	1977,22852
2405,00000	1931,89465
2410,00000	1887,26404
2415,00000	1843,33801
2420,00000	1800,11719
2425,00000	1757,60193
2430,00000	1715,79907
2435,00000	1674,69934
2440,00000	1634,30066
2445,00000	1594,60181
2450,00000	1555,60107
2455,00000	1517,29639
2460,00000	1479,68506
2465,00000	1442,76392
2470,00000	1406,52966
2475,00000	1370,97791
2480,00000	1336,10498
2485,00000	1301,90588
2490,00000	1268,37646
2495,00000	1235,51111
2500,00000	1203,30420
2505,00000	1171,74951
2510,00000	1140,84119
2515,00000	1110,57288
2520,00000	1080,93811
2525,00000	1051,93005
2530,00000	1023,54175
2535,00000	995,76605
2540,00000	968,59570
2545,00000	942,02307
2550,00000	916,04065
2555,00000	890,64075
2560,00000	865,81561
2565,00000	841,55695
2570,00000	817,85687
2575,00000	794,70721
2580,00000	772,09973
2585,00000	750,02631
2590,00000	728,47858
2595,00000	707,44830
2600,00000	686,92694
2605,00000	666,90613
2610,00000	647,37750
2615,00000	628,33252
2620,00000	609,76288
2625,00000	591,65991
2630,00000	574,01544
2635,00000	556,82080
2640,00000	540,06793
2645,00000	523,74817
2650,00000	507,85318
2655,00000	492,37469
2660,00000	477,30457
2665,00000	462,63461
2670,00000	448,35666
2675,00000	434,46274
2680,00000	420,94476
2685,00000	407,79510
2690,00000	395,00574
2695,00000	382,56870
2700,00000	370,47626
2705,00000	358,72086
2710,00000	347,29498
2715,00000	336,19125
2720,00000	325,40231
2725,00000	314,92093
2730,00000	304,74002
2735,00000	294,85248
2740,00000	285,25137
2745,00000	275,92990
2750,00000	266,88120
2755,00000	258,09875
2760,00000	249,57603
2765,00000	241,30647
2770,00000	233,28383
2775,00000	225,50183
2780,00000	217,95444
2785,00000	210,63564
2790,00000	203,53949
2795,00000	196,66028
2800,00000	189,99225
2805,00000	183,52988
2810,00000	177,26768
2815,00000	171,20027
2820,00000	165,32249
2825,00000	159,62914
2830,00000	154,11514
2835,00000	148,77568
2840,00000	143,60585
2845,00000	138,60098
2850,00000	133,75636
2855,00000	129,06754
2860,00000	124,53014
2865,00000	120,13974
2870,00000	115,89217
2875,00000	111,78336
2880,00000	107,80919
2885,00000	103,96579
2890,00000	100,24932
2895,00000	96,65601
2900,00000	93,18227
2905,00000	89,82447
2910,00000	86,57915
2915,00000	83,44297
2920,00000	80,41257
2925,00000	77,48472
2930,00000	74,65630
2935,00000	71,92427
2940,00000	69,28562
2945,00000	66,73748
2950,00000	64,27702
2955,00000	61,90150
2960,00000	59,60825
2965,00000	57,39466
2970,00000	55,25821
2975,00000	53,19645
2980,00000	51,20695
2985,00000	49,28741
2990,00000	47,43559
2995,00000	45,64927
3000,00000	43,92633
3005,00000	42,26471
3010,00000	40,66237
3015,00000	39,11737
3020,00000	37,62783
3025,00000	36,19189
3030,00000	34,80777
3035,00000	33,47373
3040,00000	32,18810
3045,00000	30,94923
3050,00000	29,75556
3055,00000	28,60555
3060,00000	27,49771
3065,00000	26,43061
3070,00000	25,40284
3075,00000	24,41304
3080,00000	23,45992
3085,00000	22,54220
3090,00000	21,65864
3095,00000	20,80806
3100,00000	19,98930
3105,00000	19,20125
3110,00000	18,44282
3115,00000	17,71297
3120,00000	17,01069
3125,00000	16,33500
3130,00000	15,68495
3135,00000	15,05962
3140,00000	14,45813
3145,00000	13,87961
3150,00000	13,32325
3155,00000	12,78824
3160,00000	12,27381
3165,00000	11,77920
3170,00000	11,30370
3175,00000	10,84661
3180,00000	10,40724
3185,00000	9,98495
3190,00000	9,57912
3195,00000	9,18912
3200,00000	8,81438
3205,00000	8,45432
3210,00000	8,10841
3215,00000	7,77610
3220,00000	7,45690
3225,00000	7,15031
3230,00000	6,85585
3235,00000	6,57307
3240,00000	6,30153
3245,00000	6,04080
3250,00000	5,79047
3255,00000	5,55014
3260,00000	5,31943
3265,00000	5,09797
3270,00000	4,88542
3275,00000	4,68142
3280,00000	4,48565
3285,00000	4,29778
3290,00000	4,11752
3295,00000	3,94457
3300,00000	3,77864
3305,00000	3,61946
3310,00000	3,46677
3315,00000	3,32032
3320,00000	3,17985
3325,00000	3,04513
3330,00000	2,91595
3335,00000	2,79207
3340,00000	2,67329
3345,00000	2,55941
3350,00000	2,45023
3355,00000	2,34557
3360,00000	2,24525
3365,00000	2,14909
3370,00000	2,05692
3375,00000	1,96859
3380,00000	1,88395
3385,00000	1,80284
3390,00000	1,72512
3395,00000	1,65065
3400,00000	1,57931
3405,00000	1,51097
3410,00000	1,44550
3415,00000	1,38279
3420,00000	1,32273
3425,00000	1,26521
3430,00000	1,21012
3435,00000	1,15736
3440,00000	1,10684
3445,00000	1,05847
3450,00000	1,01216
3455,00000	0,96783
3460,00000	0,92538
3465,00000	0,88475
3470,00000	0,84586
3475,00000	0,80863
3480,00000	0,77300
3485,00000	0,73890
3490,00000	0,70627
3495,00000	0,67505
3500,00000	0,64517
3505,00000	0,61658
3510,00000	0,58923
3515,00000	0,56307
3520,00000	0,53803
3525,00000	0,51409
3530,00000	0,49119
3535,00000	0,46928
3540,00000	0,44833
3545,00000	0,42829
3550,00000	0,40912
3555,00000	0,39080
3560,00000	0,37328
3565,00000	0,35652
3570,00000	0,34051
3575,00000	0,32519
3580,00000	0,31055
3585,00000	0,29655
3590,00000	0,28318
3595,00000	0,27039
3600,00000	0,25817
3605,00000	0,24648
3610,00000	0,23532
3615,00000	0,22465
3620,00000	0,21446
3625,00000	0,20472
3630,00000	0,19541
3635,00000	0,18651
3640,00000	0,17802
3645,00000	0,16990
3650,00000	0,16215
3655,00000	0,15474
3660,00000	0,14766
3665,00000	0,14090
3670,00000	0,13445
3675,00000	0,12828
3680,00000	0,12240
3685,00000	0,11677
3690,00000	0,11141
3695,00000	0,10628
3700,00000	0,10138
3705,00000	0,09671
3710,00000	0,09225
3715,00000	0,08799
3720,00000	0,08392
3725,00000	0,08004
3730,00000	0,07633
3735,00000	0,07280
3740,00000	0,06942
3745,00000	0,06620
3750,00000	0,06312
3755,00000	0,06019
3760,00000	0,05739
3765,00000	0,05471
3770,00000	0,05216
3775,00000	0,04973
3780,00000	0,04741
3785,00000	0,04519
3790,00000	0,04308
3795,00000	0,04106
3800,00000	0,03914
3805,00000	0,03731
3810,00000	0,03556
3815,00000	0,03389
3820,00000	0,03229
3825,00000	0,03078
3830,00000	0,02933
3835,00000	0,02795
3840,00000	0,02663
3845,00000	0,02537
3850,00000	0,02418
3855,00000	0,02303
3860,00000	0,02194
3865,00000	0,02091
3870,00000	0,01992
3875,00000	0,01897
3880,00000	0,01807
3885,00000	0,01722
3890,00000	0,01640
3895,00000	0,01562
3900,00000	0,01488
3905,00000	0,01417
3910,00000	0,01349
3915,00000	0,01285
3920,00000	0,01224
3925,00000	0,01165
3930,00000	0,01110
3935,00000	0,01057
3940,00000	0,01006
3945,00000	0,00958
3950,00000	0,00912
3955,00000	0,00868
3960,00000	0,00827
3965,00000	0,00787
3970,00000	0,00749
3975,00000	0,00713
3980,00000	0,00679
3985,00000	0,00646
3990,00000	0,00615
3995,00000	0,00586
4000,00000	0,00557
4005,00000	0,00531
4010,00000	0,00505
4015,00000	0,00481
4020,00000	0,00457
4025,00000	0,00435
4030,00000	0,00414
4035,00000	0,00394
4040,00000	0,00375
4045,00000	0,00357
4050,00000	0,00340
4055,00000	0,00323
4060,00000	0,00307
4065,00000	0,00292
4070,00000	0,00278
4075,00000	0,00265
4080,00000	0,00252
4085,00000	0,00240
4090,00000	0,00228
4095,00000	0,00217
4100,00000	0,00206
4105,00000	0,00196
4110,00000	0,00186
4115,00000	0,00177
4120,00000	0,00169
4125,00000	0,00160
4130,00000	0,00153
4135,00000	0,00145
4140,00000	0,00138
4145,00000	0,00131
4150,00000	0,00125
4155,00000	0,00119
4160,00000	0,00113
4165,00000	0,00107
4170,00000	0,00102
4175,00000	0,00097
4180,00000	0,00092
4185,00000	0,00088
4190,00000	0,00083
4195,00000	0,00079
4200,00000	0,00075
4205,00000	0,00072
4210,00000	0,00068
4215,00000	0,00065
4220,00000	0,00062
4225,00000	0,00058
4230,00000	0,00056
4235,00000	0,00053
4240,00000	0,00050
4245,00000	0,00048
4250,00000	0,00045
4255,00000	0,00043
4260,00000	0,00041
4265,00000	0,00039
4270,00000	0,00037
4275,00000	0,00035
4280,00000	0,00033
4285,00000	0,00032
4290,00000	0,00030
4295,00000	0,00029
4300,00000	0,00027
4305,00000	0,00026
4310,00000	0,00025
4315,00000	0,00023
4320,00000	0,00022
4325,00000	0,00021
4330,00000	0,00020
4335,00000	0,00019
4340,00000	0,00018
4345,00000	0,00017
4350,00000	0,00016
4355,00000	0,00015
4360,00000	0,00015
4365,00000	0,00014
4370,00000	0,00013
4375,00000	0,00013
4380,00000	0,00012
4385,00000	0,00011
4390,00000	0,00011
4395,00000	0,00010
4400,00000	0,00010
4405,00000	0,00009
4410,00000	0,00009
4415,00000	0,00008
4420,00000	0,00008
4425,00000	0,00008
4430,00000	0,00007
4435,00000	0,00007
4440,00000	0,00006
4445,00000	0,00006
4450,00000	0,00006
4455,00000	0,00006
4460,00000	0,00005
4465,00000	0,00005
4470,00000	0,00005
4475,00000	0,00004
4480,00000	0,00004
4485,00000	0,00004
4490,00000	0,00004
4495,00000	0,00004
4500,00000	0,00003
4505,00000	0,00003
4510,00000	0,00003
4515,00000	0,00003
4520,00000	0,00003
4525,00000	0,00003
4530,00000	0,00003
4535,00000	0,00002
4540,00000	0,00002
4545,00000	0,00002
4550,00000	0,00002
4555,00000	0,00002
4560,00000	0,00002
4565,00000	0,00002
4570,00000	0,00002
4575,00000	0,00002
4580,00000	0,00001
4585,00000	0,00001
4590,00000	0,00001
4595,00000	0,00001
4600,00000	0,00001
4605,00000	0,00001
4610,00000	0,00001
4615,00000	0,00001
4620,00000	0,00001
4625,00000	0,00001
4630,00000	0,00001
4635,00000	0,00001
4640,00000	0,00001
4645,00000	0,00001
4650,00000	0,00001
4655,00000	0,00001
4660,00000	0,00001
4665,00000	0,00001
4670,00000	0,00001
4675,00000	0,00001
4680,00000	0,00001
4685,00000	0,00000
4690,00000	0,00000
4695,00000	0,00000
4700,00000	0,00000
4705,00000	0,00000
4710,00000	0,00000
4715,00000	0,00000
4720,00000	0,00000
4725,00000	0,00000
4730,00000	0,00000
4735,00000	0,00000
4740,00000	0,00000
4745,00000	0,00000
4750,00000	0,00000
4755,00000	0,00000
4760,00000	0,00000
4765,00000	0,00000
4770,00000	0,00000
4775,00000	0,00000
4780,00000	0,00000
4785,00000	0,00000
4790,00000	0,00000
4795,00000	0,00000
4800,00000	0,00000
4805,00000	0,00000
4810,00000	0,00000
4815,00000	0,00000
4820,00000	0,00000
4825,00000	0,00000
4830,00000	0,00000
4835,00000	0,00000
4840,00000	0,00000
4845,00000	0,00000
4850,00000	0,00000
4855,00000	0,00000
4860,00000	0,00000
4865,00000	0,00000
4870,00000	0,00000
4875,00000	0,00000
4880,00000	0,00000
4885,00000	0,00000
4890,00000	0,00000
4895,00000	0,00000
4900,00000	0,00000
4905,00000	0,00000
4910,00000	0,00000
4915,00000	0,00000
4920,00000	0,00000
4925,00000	0,00000
4930,00000	0,00000
4935,00000	0,00000
4940,00000	0,00000
4945,00000	0,00000
4950,00000	0,00000
4955,00000	0,00000
4960,00000	0,00000
4965,00000	0,00000
4970,00000	0,00000
4975,00000	0,00000
4980,00000	0,00000
4985,00000	0,00000
4990,00000	0,00000
4995,00000	0,00000
5000,00000	0,00000
5005,00000	0,00000
5010,00000	0,00000
5015,00000	0,00000
5020,00000	0,00000
5025,00000	0,00000
5030,00000	0,00000
5035,00000	0,00000
5040,00000	0,00000
5045,00000	0,00000
5050,00000	0,00000
5055,00000	0,00000
5060,00000	0,00000
5065,00000	0,00000
5070,00000	0,00000
5075,00000	0,00000
5080,00000	0,00000
5085,00000	0,00000
5090,00000	0,00000
5095,00000	0,00000
5100,00000	0,00000
5105,00000	0,00000
5110,00000	0,00000
5115,00000	0,00000
5120,00000	0,00000
5125,00000	0,00000
5130,00000	0,00000
5135,00000	0,00000
5140,00000	0,00000
5145,00000	0,00000
5150,00000	0,00000
5155,00000	0,00000
5160,00000	0,00000
5165,00000	0,00000
5170,00000	0,00000
5175,00000	0,00000
5180,00000	0,00000
5185,00000	0,00000
5190,00000	0,00000
5195,00000	0,00000
5200,00000	0,00000
5205,00000	0,00000
5210,00000	0,00000
5215,00000	0,00000
5220,00000	0,00000
5225,00000	0,00000
5230,00000	0,00000
5235,00000	0,00000
5240,00000	0,00000
5245,00000	0,00000
5250,00000	0,00000
5255,00000	0,00000
5260,00000	0,00000
5265,00000	0,00000
5270,00000	0,00000
5275,00000	0,00000
5280,00000	0,00000
5285,00000	0,00000
5290,00000	0,00000
5295,00000	0,00000
5300,00000	0,00000
5305,00000	0,00000
5310,00000	0,00000
5315,00000	0,00000
5320,00000	0,00000
5325,00000	0,00000
5330,00000	0,00000
5335,00000	0,00000
5340,00000	0,00000
5345,00000	0,00000
5350,00000	0,00000
5355,00000	0,00000
5360,00000	0,00000
5365,00000	0,00000
5370,00000	0,00000
5375,00000	0,00000
5380,00000	0,00000
5385,00000	0,00000
5390,00000	0,00000
5395,00000	0,00000
5400,00000	0,00000
5405,00000	0,00000
5410,00000	0,00000
5415,00000	0,00000
5420,00000	0,00000
5425,00000	0,00000
5430,00000	0,00000
5435,00000	0,00000
5440,00000	0,00000
5445,00000	0,00000
5450,00000	0,00000
5455,00000	0,00000
5460,00000	0,00000
5465,00000	0,00000
5470,00000	0,00000
5475,00000	0,00000
5480,00000	0,00000
5485,00000	0,00000
5490,00000	0,00000
5495,00000	0,00000
5500,00000	0,00000
5505,00000	0,00000
5510,00000	0,00000
5515,00000	0,00000
5520,00000	0,00000
5525,00000	0,00000
5530,00000	0,00000
5535,00000	0,00000
5540,00000	0,00000
5545,00000	0,00000
5550,00000	0,00000
5555,00000	0,00000
5560,00000	0,00000
5565,00000	0,00000
5570,00000	0,00000
5575,00000	0,00000
5580,00000	0,00000
5585,00000	0,00000
5590,00000	0,00000
5595,00000	0,00000
5600,00000	0,00000
5605,00000	0,00000
5610,00000	0,00000
5615,00000	0,00000
5620,00000	0,00000
5625,00000	0,00000
5630,00000	0,00000
5635,00000	0,00000
5640,00000	0,00000
5645,00000	0,00000
5650,00000	0,00000
5655,00000	0,00000
5660,00000	0,00000
5665,00000	0,00000
5670,00000	0,00000
5675,00000	0,00000
5680,00000	0,00000
5685,00000	0,00000
5690,00000	0,00000
5695,00000	0,00000
5700,00000	0,00000
5705,00000	0,00000
5710,00000	0,00000
5715,00000	0,00000
5720,00000	0,00000
5725,00000	0,00000
5730,00000	0,00000
5735,00000	0,00000
5740,00000	0,00000
5745,00000	0,00000
5750,00000	0,00000
5755,00000	0,00000
5760,00000	0,00000
5765,00000	0,00000
5770,00000	0,00000
5775,00000	0,00000
5780,00000	0,00000
5785,00000	0,00000
5790,00000	0,00000
5795,00000	0,00000
5800,00000	0,00000
5805,00000	0,00000
5810,00000	0,00000
5815,00000	0,00000
5820,00000	0,00000
5825,00000	0,00000
5830,00000	0,00000
5835,00000	0,00000
5840,00000	0,00000
5845,00000	0,00000
5850,00000	0,00000
5855,00000	0,00000
5860,00000	0,00000
5865,00000	0,00000
5870,00000	0,00000
5875,00000	0,00000
5880,00000	0,00000
5885,00000	0,00000
5890,00000	0,00000
5895,00000	0,00000
5900,00000	0,00000
5905,00000	0,00000
5910,00000	0,00000
5915,00000	0,00000
5920,00000	0,00000
5925,00000	0,00000
5930,00000	0,00000
5935,00000	0,00000
5940,00000	0,00000
5945,00000	0,00000
5950,00000	0,00000
5955,00000	0,00000
5960,00000	0,00000
5965,00000	0,00000
5970,00000	0,00000
5975,00000	0,00000
5980,00000	0,00000
5985,00000	0,00000
5990,00000	0,00000
5995,00000	0,00000
6000,00000	0,00000
6005,00000	0,00000
6010,00000	0,00000
6015,00000	0,00000
6020,00000	0,00000
6025,00000	0,00000
6030,00000	0,00000
6035,00000	0,00000
6040,00000	0,00000
6045,00000	0,00000
6050,00000	0,00000
6055,00000	0,00000
6060,00000	0,00000
6065,00000	0,00000
6070,00000	0,00000
6075,00000	0,00000
6080,00000	0,00000
6085,00000	0,00000
6090,00000	0,00000
6095,00000	0,00000
6100,00000	0,00000
6105,00000	0,00000
6110,00000	0,00000
6115,00000	0,00000
6120,00000	0,00000
6125,00000	0,00000
6130,00000	0,00000
6135,00000	0,00000
6140,00000	0,00000
6145,00000	0,00000
6150,00000	0,00000
6155,00000	0,00000
6160,00000	0,00000
6165,00000	0,00000
6170,00000	0,00000
6175,00000	0,00000
6180,00000	0,00000
6185,00000	0,00000
6190,00000	0,00000
6195,00000	0,00000
6200,00000	0,00000
6205,00000	0,00000
6210,00000	0,00000
6215,00000	0,00000
6220,00000	0,00000
6225,00000	0,00000
6230,00000	0,00000
6235,00000	0,00000
6240,00000	0,00000
6245,00000	0,00000
6250,00000	0,00000
6255,00000	0,00000
6260,00000	0,00000
6265,00000	0,00000
6270,00000	0,00000
6275,00000	0,00000
6280,00000	0,00000
6285,00000	0,00000
6290,00000	0,00000
6295,00000	0,00000
6300,00000	0,00000
6305,00000	0,00000
6310,00000	0,00000
6315,00000	0,00000
6320,00000	0,00000
6325,00000	0,00000
6330,00000	0,00000
6335,00000	0,00000
6340,00000	0,00000
6345,00000	0,00000
6350,00000	0,00000
6355,00000	0,00000
6360,00000	0,00000
6365,00000	0,00000
6370,00000	0,00000
6375,00000	0,00000
6380,00000	0,00000
6385,00000	0,00000
6390,00000	0,00000
6395,00000	0,00000
6400,00000	0,00000
6405,00000	0,00000
6410,00000	0,00000
6415,00000	0,00000
6420,00000	0,00000
6425,00000	0,00000
6430,00000	0,00000
6435,00000	0,00000
6440,00000	0,00000
6445,00000	0,00000
6450,00000	0,00000
6455,00000	0,00000
6460,00000	0,00000
6465,00000	0,00000
6470,00000	0,00000
6475,00000	0,00000
6480,00000	0,00000
6485,00000	0,00000
6490,00000	0,00000
6495,00000	0,00000
6500,00000	0,00000
6505,00000	0,00000
6510,00000	0,00000
6515,00000	0,00000
6520,00000	0,00000
6525,00000	0,00000
6530,00000	0,00000
6535,00000	0,00000
6540,00000	0,00000
6545,00000	0,00000
6550,00000	0,00000
6555,00000	0,00000
6560,00000	0,00000
6565,00000	0,00000
6570,00000	0,00000
6575,00000	0,00000
6580,00000	0,00000
6585,00000	0,00000
6590,00000	0,00000
6595,00000	0,00000
6600,00000	0,00000
6605,00000	0,00000
6610,00000	0,00000
6615,00000	0,00000
6620,00000	0,00000
6625,00000	0,00000
6630,00000	0,00000
6635,00000	0,00000
6640,00000	0,00000
6645,00000	0,00000
6650,00000	0,00000
6655,00000	0,00000
6660,00000	0,00000
6665,00000	0,00000
6670,00000	0,00000
6675,00000	0,00000
6680,00000	0,00000
6685,00000	0,00000
6690,00000	0,00000
6695,00000	0,00000
6700,00000	0,00000
6705,00000	0,00000
6710,00000	0,00000
6715,00000	0,00000
6720,00000	0,00000
6725,00000	0,00000
6730,00000	0,00000
6735,00000	0,00000
6740,00000	0,00000
6745,00000	0,00000
6750,00000	0,00000
6755,00000	0,00000
6760,00000	0,00000
6765,00000	0,00000
6770,00000	0,00000
6775,00000	0,00000
6780,00000	0,00000
6785,00000	0,00000
6790,00000	0,00000
6795,00000	0,00000
6800,00000	0,00000
6805,00000	0,00000
6810,00000	0,00000
6815,00000	0,00000
6820,00000	0,00000
6825,00000	0,00000
6830,00000	0,00000
6835,00000	0,00000
6840,00000	0,00000
6845,00000	0,00000
6850,00000	0,00000
6855,00000	0,00000
6860,00000	0,00000
6865,00000	0,00000
6870,00000	0,00000
6875,00000	0,00000
6880,00000	0,00000
6885,00000	0,00000
6890,00000	0,00000
6895,00000	0,00000
6900,00000	0,00000
6905,00000	0,00000
6910,00000	0,00000
6915,00000	0,00000
6920,00000	0,00000
6925,00000	0,00000
6930,00000	0,00000
6935,00000	0,00000
6940,00000	0,00000
6945,00000	0,00000
6950,00000	0,00000
6955,00000	0,00000
6960,00000	0,00000
6965,00000	0,00000
6970,00000	0,00000
6975,00000	0,00000
6980,00000	0,00000
6985,00000	0,00000
6990,00000	0,00000
6995,00000	0,00000
7000,00000	0,00000
7005,00000	0,00000
7010,00000	0,00000
7015,00000	0,00000
7020,00000	0,00000
7025,00000	0,00000
7030,00000	0,00000
7035,00000	0,00000
7040,00000	0,00000
7045,00000	0,00000
7050,00000	0,00000
7055,00000	0,00000
7060,00000	0,00000
7065,00000	0,00000
7070,00000	0,00000
7075,00000	0,00000
7080,00000	0,00000
7085,00000	0,00000
7090,00000	0,00000
7095,00000	0,00000
7100,00000	0,00000
7105,00000	0,00000
7110,00000	0,00000
7115,00000	0,00000
7120,00000	0,00000
7125,00000	0,00000
7130,00000	0,00000
7135,00000	0,00000
7140,00000	0,00000
7145,00000	0,00000
7150,00000	0,00000
7155,00000	0,00000
7160,00000	0,00000
7165,00000	0,00000
7170,00000	0,00000
7175,00000	0,00000
7180,00000	0,00000
7185,00000	0,00000
7190,00000	0,00000
7195,00000	0,00000
7200,00000	0,00000
7205,00000	0,00000
7210,00000	0,00000
7215,00000	0,00000
7220,00000	0,00000
7225,00000	0,00000
7230,00000	0,00000
7235,00000	0,00000
7240,00000	0,00000
7245,00000	0,00000
7250,00000	0,00000
7255,00000	0,00000
7260,00000	0,00000
7265,00000	0,00000
7270,00000	0,00000
7275,00000	0,00000
7280,00000	0,00000
7285,00000	0,00000
7290,00000	0,00000
7295,00000	0,00000
7300,00000	0,00000
7305,00000	0,00000
7310,00000	0,00000
7315,00000	0,00000
7320,00000	0,00000
7325,00000	0,00000
7330,00000	0,00000
7335,00000	0,00000
7340,00000	0,00000
7345,00000	0,00000
7350,00000	0,00000
7355,00000	0,00000
7360,00000	0,00000
7365,00000	0,00000
7370,00000	0,00000
7375,00000	0,00000
7380,00000	0,00000
7385,00000	0,00000
7390,00000	0,00000
7395,00000	0,00000
7400,00000	0,00000
7405,00000	0,00000
7410,00000	0,00000
7415,00000	0,00000
7420,00000	0,00000
7425,00000	0,00000
7430,00000	0,00000
7435,00000	0,00000
7440,00000	0,00000
7445,00000	0,00000
7450,00000	0,00000
7455,00000	0,00000
7460,00000	0,00000
7465,00000	0,00000
7470,00000	0,00000
7475,00000	0,00000
7480,00000	0,00000
7485,00000	0,00000
7490,00000	0,00000
7495,00000	0,00000
7500,00000	0,00000
7505,00000	0,00000
7510,00000	0,00000
7515,00000	0,00000
7520,00000	0,00000
7525,00000	0,00000
7530,00000	0,00000
7535,00000	0,00000
7540,00000	0,00000
7545,00000	0,00000
7550,00000	0,00000
7555,00000	0,00000
7560,00000	0,00000
7565,00000	0,00000
7570,00000	0,00000
7575,00000	0,00000
7580,00000	0,00000
7585,00000	0,00000
7590,00000	0,00000
7595,00000	0,00000
7600,00000	0,00000
7605,00000	0,00000
7610,00000	0,00000
7615,00000	0,00000
7620,00000	0,00000
7625,00000	0,00000
7630,00000	0,00000
7635,00000	0,00000
7640,00000	0,00000
7645,00000	0,00000
7650,00000	0,00000
7655,00000	0,00000
7660,00000	0,00000
7665,00000	0,00000
7670,00000	0,00000
7675,00000	0,00000
7680,00000	0,00000
7685,00000	0,00000
7690,00000	0,00000
7695,00000	0,00000
7700,00000	0,00000
7705,00000	0,00000
7710,00000	0,00000
7715,00000	0,00000
7720,00000	0,00000
7725,00000	0,00000
7730,00000	0,00000
7735,00000	0,00000
7740,00000	0,00000
7745,00000	0,00000
7750,00000	0,00000
7755,00000	0,00000
7760,00000	0,00000
7765,00000	0,00000
7770,00000	0,00000
7775,00000	0,00000
7780,00000	0,00000
7785,00000	0,00000
7790,00000	0,00000
7795,00000	0,00000
7800,00000	0,00000
7805,00000	0,00000
7810,00000	0,00000
7815,00000	0,00000
7820,00000	0,00000
7825,00000	0,00000
7830,00000	0,00000
7835,00000	0,00000
7840,00000	0,00000
7845,00000	0,00000
7850,00000	0,00000
7855,00000	0,00000
7860,00000	0,00000
7865,00000	0,00000
7870,00000	0,00000
7875,00000	0,00000
7880,00000	0,00000
7885,00000	0,00000
7890,00000	0,00000
7895,00000	0,00000
7900,00000	0,00000
7905,00000	0,00000
7910,00000	0,00000
7915,00000	0,00000
7920,00000	0,00000
7925,00000	0,00000
7930,00000	0,00000
7935,00000	0,00000
7940,00000	0,00000
7945,00000	0,00000
7950,00000	0,00000
7955,00000	0,00000
7960,00000	0,00000
7965,00000	0,00000
7970,00000	0,00000
7975,00000	0,00000
7980,00000	0,00000
7985,00000	0,00000
7990,00000	0,00000
7995,00000	0,00000
8000,00000	0,00000
8005,00000	0,00000
8010,00000	0,00000
8015,00000	0,00000
8020,00000	0,00000
8025,00000	0,00000
8030,00000	0,00000
8035,00000	0,00000
8040,00000	0,00000
8045,00000	0,00000
8050,00000	0,00000
8055,00000	0,00000
8060,00000	0,00000
8065,00000	0,00000
8070,00000	0,00000
8075,00000	0,00000
8080,00000	0,00000
8085,00000	0,00000
8090,00000	0,00000
8095,00000	0,00000
8100,00000	0,00000
8105,00000	0,00000
8110,00000	0,00000
8115,00000	0,00000
8120,00000	0,00000
8125,00000	0,00000
8130,00000	0,00000
8135,00000	0,00000
8140,00000	0,00000
8145,00000	0,00000
8150,00000	0,00000
8155,00000	0,00000
8160,00000	0,00000
8165,00000	0,00000
8170,00000	0,00000
8175,00000	0,00000
8180,00000	0,00000
8185,00000	0,00000
8190,00000	0,00000
8195,00000	0,00000
8200,00000	0,00000
8205,00000	0,00000
8210,00000	0,00000
8215,00000	0,00000
8220,00000	0,00000
8225,00000	0,00000
8230,00000	0,00000
8235,00000	0,00000
8240,00000	0,00000
8245,00000	0,00000
8250,00000	0,00000
8255,00000	0,00000
8260,00000	0,00000
8265,00000	0,00000
8270,00000	0,00000
8275,00000	0,00000
8280,00000	0,00000
8285,00000	0,00000
8290,00000	0,00000
8295,00000	0,00000
8300,00000	0,00000
8305,00000	0,00000
8310,00000	0,00000
8315,00000	0,00000
8320,00000	0,00000
8325,00000	0,00000
8330,00000	0,00000
8335,00000	0,00000
8340,00000	0,00000
8345,00000	0,00000
8350,00000	0,00000
8355,00000	0,00000
8360,00000	0,00000
8365,00000	0,00000
8370,00000	0,00000
8375,00000	0,00000
8380,00000	0,00000
8385,00000	0,00000
8390,00000	0,00000
8395,00000	0,00000
8400,00000	0,00000
8405,00000	0,00000
8410,00000	0,00000
8415,00000	0,00000
8420,00000	0,00000
8425,00000	0,00000
8430,00000	0,00000
8435,00000	0,00000
8440,00000	0,00000
8445,00000	0,00000
8450,00000	0,00000
8455,00000	0,00000
8460,00000	0,00000
8465,00000	0,00000
8470,00000	0,00000
8475,00000	0,00000
8480,00000	0,00000
8485,00000	0,00000
8490,00000	0,00000
8495,00000	0,00000
8500,00000	0,00000
8505,00000	0,00000
8510,00000	0,00000
8515,00000	0,00000
8520,00000	0,00000
8525,00000	0,00000
8530,00000	0,00000
8535,00000	0,00000
8540,00000	0,00000
8545,00000	0,00000
8550,00000	0,00000
8555,00000	0,00000
8560,00000	0,00000
8565,00000	0,00000
8570,00000	0,00000
8575,00000	0,00000
8580,00000	0,00000
8585,00000	0,00000
8590,00000	0,00000
8595,00000	0,00000
8600,00000	0,00000
8605,00000	0,00000
8610,00000	0,00000
8615,00000	0,00000
8620,00000	0,00000
8625,00000	0,00000
8630,00000	0,00000
8635,00000	0,00000
8640,00000	0,00000
8645,00000	0,00000
8650,00000	0,00000
8655,00000	0,00000
8660,00000	0,00000
8665,00000	0,00000
8670,00000	0,00000
8675,00000	0,00000
8680,00000	0,00000
8685,00000	0,00000
8690,00000	0,00000
8695,00000	0,00000
8700,00000	0,00000
8705,00000	0,00000
8710,00000	0,00000
8715,00000	0,00000
8720,00000	0,00000
8725,00000	0,00000
8730,00000	0,00000
8735,00000	0,00000
8740,00000	0,00000
8745,00000	0,00000
8750,00000	0,00000
8755,00000	0,00000
8760,00000	0,00000
8765,00000	0,00000
8770,00000	0,00000
8775,00000	0,00000
8780,00000	0,00000
8785,00000	0,00000
8790,00000	0,00000
8795,00000	0,00000
8800,00000	0,00000
8805,00000	0,00000
8810,00000	0,00000
8815,00000	0,00000
8820,00000	0,00000
8825,00000	0,00000
8830,00000	0,00000
8835,00000	0,00000
8840,00000	0,00000
8845,00000	0,00000
8850,00000	0,00000
8855,00000	0,00000
8860,00000	0,00000
8865,00000	0,00000
8870,00000	0,00000
8875,00000	0,00000
8880,00000	0,00000
8885,00000	0,00000
8890,00000	0,00000
8895,00000	0,00000
8900,00000	0,00000
8905,00000	0,00000
8910,00000	0,00000
8915,00000	0,00000
8920,00000	0,00000
8925,00000	0,00000
8930,00000	0,00000
8935,00000	0,00000
8940,00000	0,00000
8945,00000	0,00000
8950,00000	0,00000
8955,00000	0,00000
8960,00000	0,00000
8965,00000	0,00000
8970,00000	0,00000
8975,00000	0,00000
8980,00000	0,00000
8985,00000	0,00000
8990,00000	0,00000
8995,00000	0,00000
9000,00000	0,00000
9005,00000	0,00000
9010,00000	0,00000
9015,00000	0,00000
9020,00000	0,00000
9025,00000	0,00000
9030,00000	0,00000
9035,00000	0,00000
9040,00000	0,00000
9045,00000	0,00000
9050,00000	0,00000
9055,00000	0,00000
9060,00000	0,00000
9065,00000	0,00000
9070,00000	0,00000
9075,00000	0,00000
9080,00000	0,00000
9085,00000	0,00000
9090,00000	0,00000
9095,00000	0,00000
9100,00000	0,00000
9105,00000	0,00000
9110,00000	0,00000
9115,00000	0,00000
9120,00000	0,00000
9125,00000	0,00000
9130,00000	0,00000
9135,00000	0,00000
9140,00000	0,00000
9145,00000	0,00000
9150,00000	0,00000
9155,00000	0,00000
9160,00000	0,00000
9165,00000	0,00000
9170,00000	0,00000
9175,00000	0,00000
9180,00000	0,00000
9185,00000	0,00000
9190,00000	0,00000
9195,00000	0,00000
9200,00000	0,00000
9205,00000	0,00000
9210,00000	0,00000
9215,00000	0,00000
9220,00000	0,00000
9225,00000	0,00000
9230,00000	0,00000
9235,00000	0,00000
9240,00000	0,00000
9245,00000	0,00000
9250,00000	0,00000
9255,00000	0,00000
9260,00000	0,00000
9265,00000	0,00000
9270,00000	0,00000
9275,00000	0,00000
9280,00000	0,00000
9285,00000	0,00000
9290,00000	0,00000
9295,00000	0,00000
9300,00000	0,00000
9305,00000	0,00000
9310,00000	0,00000
9315,00000	0,00000
9320,00000	0,00000
9325,00000	0,00000
9330,00000	0,00000
9335,00000	0,00000
9340,00000	0,00000
9345,00000	0,00000
9350,00000	0,00000
9355,00000	0,00000
9360,00000	0,00000
9365,00000	0,00000
9370,00000	0,00000
9375,00000	0,00000
9380,00000	0,00000
9385,00000	0,00000
9390,00000	0,00000
9395,00000	0,00000
9400,00000	0,00000
9405,00000	0,00000
9410,00000	0,00000
9415,00000	0,00000
9420,00000	0,00000
9425,00000	0,00000
9430,00000	0,00000
9435,00000	0,00000
9440,00000	0,00000
9445,00000	0,00000
9450,00000	0,00000
9455,00000	0,00000
9460,00000	0,00000
9465,00000	0,00000
9470,00000	0,00000
9475,00000	0,00000
9480,00000	0,00000
9485,00000	0,00000
9490,00000	0,00000
9495,00000	0,00000
9500,00000	0,00000
9505,00000	0,00000
9510,00000	0,00000
9515,00000	0,00000
9520,00000	0,00000
9525,00000	0,00000
9530,00000	0,00000
9535,00000	0,00000
9540,00000	0,00000
9545,00000	0,00000
9550,00000	0,00000
9555,00000	0,00000
9560,00000	0,00000
9565,00000	0,00000
9570,00000	0,00000
9575,00000	0,00000
9580,00000	0,00000
9585,00000	0,00000
9590,00000	0,00000
9595,00000	0,00000
9600,00000	0,00000
9605,00000	0,00000
9610,00000	0,00000
9615,00000	0,00000
9620,00000	0,00000
9625,00000	0,00000
9630,00000	0,00000
9635,00000	0,00000
9640,00000	0,00000
9645,00000	0,00000
9650,00000	0,00000
9655,00000	0,00000
9660,00000	0,00000
9665,00000	0,00000
9670,00000	0,00000
9675,00000	0,00000
9680,00000	0,00000
9685,00000	0,00000
9690,00000	0,00000
9695,00000	0,00000
9700,00000	0,00000
9705,00000	0,00000
9710,00000	0,00000
9715,00000	0,00000
9720,00000	0,00000
9725,00000	0,00000
9730,00000	0,00000
9735,00000	0,00000
9740,00000	0,00000
9745,00000	0,00000
9750,00000	0,00000
9755,00000	0,00000
9760,00000	0,00000
9765,00000	0,00000
9770,00000	0,00000
9775,00000	0,00000
9780,00000	0,00000
9785,00000	0,00000
9790,00000	0,00000
9795,00000	0,00000
9800,00000	0,00000
9805,00000	0,00000
9810,00000	0,00000
9815,00000	0,00000
9820,00000	0,00000
9825,00000	0,00000
9830,00000	0,00000
9835,00000	0,00000
9840,00000	0,00000
9845,00000	0,00000
9850,00000	0,00000
9855,00000	0,00000
9860,00000	0,00000
9865,00000	0,00000
9870,00000	0,00000
9875,00000	0,00000
9880,00000	0,00000
9885,00000	0,00000
9890,00000	0,00000
9895,00000	0,00000
9900,00000	0,00000
9905,00000	0,00000
9910,00000	0,00000
9915,00000	0,00000
9920,00000	0,00000
9925,00000	0,00000
9930,00000	0,00000
9935,00000	0,00000
9940,00000	0,00000
9945,00000	0,00000
9950,00000	0,00000
9955,00000	0,00000
9960,00000	0,00000
9965,00000	0,00000
9970,00000	0,00000
9975,00000	0,00000
9980,00000	0,00000
9985,00000	0,00000
9990,00000	0,00000
9995,00000	0,00000
10000,00000	0,00000
10005,00000	0,00000
10010,00000	0,00000
10015,00000	0,00000
10020,00000	0,00000
10025,00000	0,00000
10030,00000	0,00000
10035,00000	0,00000
10040,00000	0,00000
10045,00000	0,00000
10050,00000	0,00000
10055,00000	0,00000
10060,00000	0,00000
10065,00000	0,00000
10070,00000	0,00000
10075,00000	0,00000
10080,00000	0,00000
10085,00000	0,00000
10090,00000	0,00000
10095,00000	0,00000
10100,00000	0,00000
10105,00000	0,00000
10110,00000	0,00000
10115,00000	0,00000
10120,00000	0,00000
10125,00000	0,00000
10130,00000	0,00000
10135,00000	0,00000
10140,00000	0,00000
10145,00000	0,00000
10150,00000	0,00000
10155,00000	0,00000
10160,00000	0,00000
10165,00000	0,00000
10170,00000	0,00000
10175,00000	0,00000
10180,00000	0,00000
10185,00000	0,00000
10190,00000	0,00000
10195,00000	0,00000
10200,00000	0,00000
10205,00000	0,00000
10210,00000	0,00000
10215,00000	0,00000
10220,00000	0,00000
10225,00000	0,00000
10230,00000	0,00000
10235,00000	0,00000
10240,00000	0,00000
10245,00000	0,00000
10250,00000	0,00000
10255,00000	0,00000
10260,00000	0,00000
10265,00000	0,00000
10270,00000	0,00000
10275,00000	0,00000
10280,00000	0,00000
10285,00000	0,00000
10290,00000	0,00000
10295,00000	0,00000
10300,00000	0,00000
10305,00000	0,00000
10310,00000	0,00000
10315,00000	0,00000
10320,00000	0,00000
10325,00000	0,00000
10330,00000	0,00000
10335,00000	0,00000
10340,00000	0,00000
10345,00000	0,00000
10350,00000	0,00000
10355,00000	0,00000
10360,00000	0,00000
10365,00000	0,00000
10370,00000	0,00000
10375,00000	0,00000
10380,00000	0,00000
10385,00000	0,00000
10390,00000	0,00000
10395,00000	0,00000
10400,00000	0,00000
10405,00000	0,00000
10410,00000	0,00000
10415,00000	0,00000
10420,00000	0,00000
10425,00000	0,00000
10430,00000	0,00000
10435,00000	0,00000
10440,00000	0,00000
10445,00000	0,00000
10450,00000	0,00000
10455,00000	0,00000
10460,00000	0,00000
10465,00000	0,00000
10470,00000	0,00000
10475,00000	0,00000
10480,00000	0,00000
10485,00000	0,00000
10490,00000	0,00000
10495,00000	0,00000
10500,00000	0,00000
10505,00000	0,00000
10510,00000	0,00000
10515,00000	0,00000
10520,00000	0,00000
10525,00000	0,00000
10530,00000	0,00000
10535,00000	0,00000
10540,00000	0,00000
10545,00000	0,00000
10550,00000	0,00000
10555,00000	0,00000
10560,00000	0,00000
10565,00000	0,00000
10570,00000	0,00000
10575,00000	0,00000
10580,00000	0,00000
10585,00000	0,00000
10590,00000	0,00000
10595,00000	0,00000
10600,00000	0,00000
10605,00000	0,00000
10610,00000	0,00000
10615,00000	0,00000
10620,00000	0,00000
10625,00000	0,00000
10630,00000	0,00000
10635,00000	0,00000
10640,00000	0,00000
10645,00000	0,00000
10650,00000	0,00000
10655,00000	0,00000
10660,00000	0,00000
10665,00000	0,00000
10670,00000	0,00000
10675,00000	0,00000
10680,00000	0,00000
10685,00000	0,00000
10690,00000	0,00000
10695,00000	0,00000
10700,00000	0,00000
10705,00000	0,00000
10710,00000	0,00000
10715,00000	0,00000
10720,00000	0,00000
10725,00000	0,00000
10730,00000	0,00000
10735,00000	0,00000
10740,00000	0,00000
10745,00000	0,00000
10750,00000	0,00000
10755,00000	0,00000
10760,00000	0,00000
10765,00000	0,00000
10770,00000	0,00000
10775,00000	0,00000
10780,00000	0,00000
10785,00000	0,00000
10790,00000	0,00000
10795,00000	0,00000
10800,00000	0,00000
10805,00000	0,00000
10810,00000	0,00000
10815,00000	0,00000
10820,00000	0,00000
10825,00000	0,00000
10830,00000	0,00000
10835,00000	0,00000
10840,00000	0,00000
10845,00000	0,00000
10850,00000	0,00000
10855,00000	0,00000
10860,00000	0,00000
10865,00000	0,00000
10870,00000	0,00000
10875,00000	0,00000
10880,00000	0,00000
10885,00000	0,00000
10890,00000	0,00000
10895,00000	0,00000
10900,00000	0,00000
10905,00000	0,00000
10910,00000	0,00000
10915,00000	0,00000
10920,00000	0,00000
10925,00000	0,00000
10930,00000	0,00000
10935,00000	0,00000
10940,00000	0,00000
10945,00000	0,00000
10950,00000	0,00000
10955,00000	0,00000
10960,00000	0,00000
10965,00000	0,00000
10970,00000	0,00000
10975,00000	0,00000
10980,00000	0,00000
10985,00000	0,00000
10990,00000	0,00000
10995,00000	0,00000
11000,00000	0,00000
11005,00000	0,00000
11010,00000	0,00000
11015,00000	0,00000
11020,00000	0,00000
11025,00000	0,00000
11030,00000	0,00000
11035,00000	0,00000
11040,00000	0,00000
11045,00000	0,00000
11050,00000	0,00000
11055,00000	0,00000
11060,00000	0,00000
11065,00000	0,00000
11070,00000	0,00000
11075,00000	0,00000
11080,00000	0,00000
11085,00000	0,00000
11090,00000	0,00000
11095,00000	0,00000
11100,00000	0,00000
11105,00000	0,00000
11110,00000	0,00000
11115,00000	0,00000
11120,00000	0,00000
11125,00000	0,00000
11130,00000	0,00000
11135,00000	0,00000
11140,00000	0,00000
11145,00000	0,00000
11150,00000	0,00000
11155,00000	0,00000
11160,00000	0,00000
11165,00000	0,00000
11170,00000	0,00000
11175,00000	0,00000
11180,00000	0,00000
11185,00000	0,00000
11190,00000	0,00000
11195,00000	0,00000
11200,00000	0,00000
11205,00000	0,00000
11210,00000	0,00000
11215,00000	0,00000
11220,00000	0,00000
11225,00000	0,00000
11230,00000	0,00000
11235,00000	0,00000
11240,00000	0,00000
11245,00000	0,00000
11250,00000	0,00000
11255,00000	0,00000
11260,00000	0,00000
11265,00000	0,00000
11270,00000	0,00000
11275,00000	0,00000
11280,00000	0,00000
11285,00000	0,00000
11290,00000	0,00000
11295,00000	0,00000
11300,00000	0,00000
11305,00000	0,00000
11310,00000	0,00000
11315,00000	0,00000
11320,00000	0,00000
11325,00000	0,00000
11330,00000	0,00000
11335,00000	0,00000
11340,00000	0,00000
11345,00000	0,00000
11350,00000	0,00000
11355,00000	0,00000
11360,00000	0,00000
11365,00000	0,00000
11370,00000	0,00000
11375,00000	0,00000
11380,00000	0,00000
11385,00000	0,00000
11390,00000	0,00000
11395,00000	0,00000
11400,00000	0,00000
11405,00000	0,00000
11410,00000	0,00000
11415,00000	0,00000
11420,00000	0,00000
11425,00000	0,00000
11430,00000	0,00000
11435,00000	0,00000
11440,00000	0,00000
11445,00000	0,00000
11450,00000	0,00000
11455,00000	0,00000
11460,00000	0,00000
11465,00000	0,00000
11470,00000	0,00000
11475,00000	0,00000
11480,00000	0,00000
11485,00000	0,00000
11490,00000	0,00000
11495,00000	0,00000
11500,00000	0,00000
11505,00000	0,00000
11510,00000	0,00000
11515,00000	0,00000
11520,00000	0,00000
11525,00000	0,00000
11530,00000	0,00000
11535,00000	0,00000
11540,00000	0,00000
11545,00000	0,00000
11550,00000	0,00000
11555,00000	0,00000
11560,00000	0,00000
11565,00000	0,00000
11570,00000	0,00000
11575,00000	0,00000
11580,00000	0,00000
11585,00000	0,00000
11590,00000	0,00000
11595,00000	0,00000
11600,00000	0,00000
11605,00000	0,00000
11610,00000	0,00000
11615,00000	0,00000
11620,00000	0,00000
11625,00000	0,00000
11630,00000	0,00000
11635,00000	0,00000
11640,00000	0,00000
11645,00000	0,00000
11650,00000	0,00000
11655,00000	0,00000
11660,00000	0,00000
11665,00000	0,00000
11670,00000	0,00000
11675,00000	0,00000
11680,00000	0,00000
11685,00000	0,00000
11690,00000	0,00000
11695,00000	0,00000
11700,00000	0,00000
11705,00000	0,00000
11710,00000	0,00000
11715,00000	0,00000
11720,00000	0,00000
11725,00000	0,00000
11730,00000	0,00000
11735,00000	0,00000
11740,00000	0,00000
11745,00000	0,00000
11750,00000	0,00000
11755,00000	0,00000
11760,00000	0,00000
11765,00000	0,00000
11770,00000	0,00000
11775,00000	0,00000
11780,00000	0,00000
11785,00000	0,00000
11790,00000	0,00000
11795,00000	0,00000
11800,00000	0,00000
11805,00000	0,00000
11810,00000	0,00000
11815,00000	0,00000
11820,00000	0,00000
11825,00000	0,00000
11830,00000	0,00000
11835,00000	0,00000
11840,00000	0,00000
11845,00000	0,00000
11850,00000	0,00000
11855,00000	0,00000
11860,00000	0,00000
11865,00000	0,00000
11870,00000	0,00000
11875,00000	0,00000
11880,00000	0,00000
11885,00000	0,00000
11890,00000	0,00000
11895,00000	0,00000
11900,00000	0,00000
11905,00000	0,00000
11910,00000	0,00000
11915,00000	0,00000
11920,00000	0,00000
11925,00000	0,00000
11930,00000	0,00000
11935,00000	0,00000
11940,00000	0,00000
11945,00000	0,00000
11950,00000	0,00000
11955,00000	0,00000
11960,00000	0,00000
11965,00000	0,00000
11970,00000	0,00000
11975,00000	0,00000
11980,00000	0,00000
11985,00000	0,00000
11990,00000	0,00000
11995,00000	0,00000
12000,00000	0,00000
12005,00000	0,00000
12010,00000	0,00000
12015,00000	0,00000
12020,00000	0,00000
12025,00000	0,00000
12030,00000	0,00000
12035,00000	0,00000
12040,00000	0,00000
12045,00000	0,00000
12050,00000	0,00000
12055,00000	0,00000
12060,00000	0,00000
12065,00000	0,00000
12070,00000	0,00000
12075,00000	0,00000
12080,00000	0,00000
12085,00000	0,00000
12090,00000	0,00000
12095,00000	0,00000
12100,00000	0,00000
12105,00000	0,00000
12110,00000	0,00000
12115,00000	0,00000
12120,00000	0,00000
12125,00000	0,00000
12130,00000	0,00000
12135,00000	0,00000
12140,00000	0,00000
12145,00000	0,00000
12150,00000	0,00000
12155,00000	0,00000
12160,00000	0,00000
12165,00000	0,00000
12170,00000	0,00000
12175,00000	0,00000
12180,00000	0,00000
12185,00000	0,00000
12190,00000	0,00000
12195,00000	0,00000
12200,00000	0,00000
12205,00000	0,00000
12210,00000	0,00000
12215,00000	0,00000
12220,00000	0,00000
12225,00000	0,00000
12230,00000	0,00000
12235,00000	0,00000
12240,00000	0,00000
12245,00000	0,00000
12250,00000	0,00000
12255,00000	0,00000
12260,00000	0,00000
12265,00000	0,00000
12270,00000	0,00000
12275,00000	0,00000
12280,00000	0,00000
12285,00000	0,00000
12290,00000	0,00000
12295,00000	0,00000
12300,00000	0,00000
12305,00000	0,00000
12310,00000	0,00000
12315,00000	0,00000
12320,00000	0,00000
12325,00000	0,00000
12330,00000	0,00000
12335,00000	0,00000
12340,00000	0,00000
12345,00000	0,00000
12350,00000	0,00000
12355,00000	0,00000
12360,00000	0,00000
12365,00000	0,00000
12370,00000	0,00000
12375,00000	0,00000
12380,00000	0,00000
12385,00000	0,00000
12390,00000	0,00000
12395,00000	0,00000
12400,00000	0,00000
12405,00000	0,00000
12410,00000	0,00000
12415,00000	0,00000
12420,00000	0,00000
12425,00000	0,00000
12430,00000	0,00000
12435,00000	0,00000
12440,00000	0,00000
12445,00000	0,00000
12450,00000	0,00000
12455,00000	0,00000
12460,00000	0,00000
12465,00000	0,00000
12470,00000	0,00000
12475,00000	0,00000
12480,00000	0,00000
12485,00000	0,00000
12490,00000	0,00000
12495,00000	0,00000
12500,00000	0,00000
12505,00000	0,00000
12510,00000	0,00000
12515,00000	0,00000
12520,00000	0,00000
12525,00000	0,00000
12530,00000	0,00000
12535,00000	0,00000
12540,00000	0,00000
12545,00000	0,00000
12550,00000	0,00000
12555,00000	0,00000
12560,00000	0,00000
12565,00000	0,00000
12570,00000	0,00000
12575,00000	0,00000
12580,00000	0,00000
12585,00000	0,00000
12590,00000	0,00000
12595,00000	0,00000
12600,00000	0,00000
12605,00000	0,00000
12610,00000	0,00000
12615,00000	0,00000
12620,00000	0,00000
12625,00000	0,00000
12630,00000	0,00000
12635,00000	0,00000
12640,00000	0,00000
12645,00000	0,00000
12650,00000	0,00000
12655,00000	0,00000
12660,00000	0,00000
12665,00000	0,00000
12670,00000	0,00000
12675,00000	0,00000
12680,00000	0,00000
12685,00000	0,00000
12690,00000	0,00000
12695,00000	0,00000
12700,00000	0,00000
12705,00000	0,00000
12710,00000	0,00000
12715,00000	0,00000
12720,00000	0,00000
12725,00000	0,00000
12730,00000	0,00000
12735,00000	0,00000
12740,00000	0,00000
12745,00000	0,00000
12750,00000	0,00000
12755,00000	0,00000
12760,00000	0,00000
12765,00000	0,00000
12770,00000	0,00000
12775,00000	0,00000
12780,00000	0,00000
12785,00000	0,00000
12790,00000	0,00000
12795,00000	0,00000
12800,00000	0,00000
12805,00000	0,00000
12810,00000	0,00000
12815,00000	0,00000
12820,00000	0,00000
12825,00000	0,00000
12830,00000	0,00000
12835,00000	0,00000
12840,00000	0,00000
12845,00000	0,00000
12850,00000	0,00000
12855,00000	0,00000
12860,00000	0,00000
12865,00000	0,00000
12870,00000	0,00000
12875,00000	0,00000
12880,00000	0,00000
12885,00000	0,00000
12890,00000	0,00000
12895,00000	0,00000
12900,00000	0,00000
12905,00000	0,00000
12910,00000	0,00000
12915,00000	0,00000
12920,00000	0,00000
12925,00000	0,00000
12930,00000	0,00000
12935,00000	0,00000
12940,00000	0,00000
12945,00000	0,00000
12950,00000	0,00000
12955,00000	0,00000
12960,00000	0,00000
12965,00000	0,00000
12970,00000	0,00000
12975,00000	0,00000
12980,00000	0,00000
12985,00000	0,00000
12990,00000	0,00000
12995,00000	0,00000
13000,00000	0,00000
13005,00000	0,00000
13010,00000	0,00000
13015,00000	0,00000
13020,00000	0,00000
13025,00000	0,00000
13030,00000	0,00000
13035,00000	0,00000
13040,00000	0,00000
13045,00000	0,00000
13050,00000	0,00000
13055,00000	0,00000
13060,00000	0,00000
13065,00000	0,00000
13070,00000	0,00000
13075,00000	0,00000
13080,00000	0,00000
13085,00000	0,00000
13090,00000	0,00000
13095,00000	0,00000
13100,00000	0,00000
13105,00000	0,00000
13110,00000	0,00000
13115,00000	0,00000
13120,00000	0,00000
13125,00000	0,00000
13130,00000	0,00000
13135,00000	0,00000
13140,00000	0,00000
13145,00000	0,00000
13150,00000	0,00000
13155,00000	0,00000
13160,00000	0,00000
13165,00000	0,00000
13170,00000	0,00000
13175,00000	0,00000
13180,00000	0,00000
13185,00000	0,00000
13190,00000	0,00000
13195,00000	0,00000
13200,00000	0,00000
13205,00000	0,00000
13210,00000	0,00000
13215,00000	0,00000
13220,00000	0,00000
13225,00000	0,00000
13230,00000	0,00000
13235,00000	0,00000
13240,00000	0,00000
13245,00000	0,00000
13250,00000	0,00000
13255,00000	0,00000
13260,00000	0,00000
13265,00000	0,00000
13270,00000	0,00000
13275,00000	0,00000
13280,00000	0,00000
13285,00000	0,00000
13290,00000	0,00000
13295,00000	0,00000
13300,00000	0,00000
13305,00000	0,00000
13310,00000	0,00000
13315,00000	0,00000
13320,00000	0,00000
13325,00000	0,00000
13330,00000	0,00000
13335,00000	0,00000
13340,00000	0,00000
13345,00000	0,00000
13350,00000	0,00000
13355,00000	0,00000
13360,00000	0,00000
13365,00000	0,00000
13370,00000	0,00000
13375,00000	0,00000
13380,00000	0,00000
13385,00000	0,00000
13390,00000	0,00000
13395,00000	0,00000
13400,00000	0,00000
13405,00000	0,00000
13410,00000	0,00000
13415,00000	0,00000
13420,00000	0,00000
13425,00000	0,00000
13430,00000	0,00000
13435,00000	0,00000
13440,00000	0,00000
13445,00000	0,00000
13450,00000	0,00000
13455,00000	0,00000
13460,00000	0,00000
13465,00000	0,00000
13470,00000	0,00000
13475,00000	0,00000
13480,00000	0,00000
13485,00000	0,00000
13490,00000	0,00000
13495,00000	0,00000
13500,00000	0,00000
13505,00000	0,00000
13510,00000	0,00000
13515,00000	0,00000
13520,00000	0,00000
13525,00000	0,00000
13530,00000	0,00000
13535,00000	0,00000
13540,00000	0,00000
13545,00000	0,00000
13550,00000	0,00000
13555,00000	0,00000
13560,00000	0,00000
13565,00000	0,00000
13570,00000	0,00000
13575,00000	0,00000
13580,00000	0,00000
13585,00000	0,00000
13590,00000	0,00000
13595,00000	0,00000
13600,00000	0,00000
13605,00000	0,00000
13610,00000	0,00000
13615,00000	0,00000
13620,00000	0,00000
13625,00000	0,00000
13630,00000	0,00000
13635,00000	0,00000
13640,00000	0,00000
13645,00000	0,00000
13650,00000	0,00000
13655,00000	0,00000
13660,00000	0,00000
13665,00000	0,00000
13670,00000	0,00000
13675,00000	0,00000
13680,00000	0,00000
13685,00000	0,00000
13690,00000	0,00000
13695,00000	0,00000
13700,00000	0,00000
13705,00000	0,00000
13710,00000	0,00000
13715,00000	0,00000
13720,00000	0,00000
13725,00000	0,00000
13730,00000	0,00000
13735,00000	0,00000
13740,00000	0,00000
13745,00000	0,00000
13750,00000	0,00000
13755,00000	0,00000
13760,00000	0,00000
13765,00000	0,00000
13770,00000	0,00000
13775,00000	0,00000
13780,00000	0,00000
13785,00000	0,00000
13790,00000	0,00000
13795,00000	0,00000
13800,00000	0,00000
13805,00000	0,00000
13810,00000	0,00000
13815,00000	0,00000
13820,00000	0,00000
13825,00000	0,00000
13830,00000	0,00000
13835,00000	0,00000
13840,00000	0,00000
13845,00000	0,00000
13850,00000	0,00000
13855,00000	0,00000
13860,00000	0,00000
13865,00000	0,00000
13870,00000	0,00000
13875,00000	0,00000
13880,00000	0,00000
13885,00000	0,00000
13890,00000	0,00000
13895,00000	0,00000
13900,00000	0,00000
13905,00000	0,00000
13910,00000	0,00000
13915,00000	0,00000
13920,00000	0,00000
13925,00000	0,00000
13930,00000	0,00000
13935,00000	0,00000
13940,00000	0,00000
13945,00000	0,00000
13950,00000	0,00000
13955,00000	0,00000
13960,00000	0,00000
13965,00000	0,00000
13970,00000	0,00000
13975,00000	0,00000
13980,00000	0,00000
13985,00000	0,00000
13990,00000	0,00000
13995,00000	0,00000
14000,00000	0,00000
14005,00000	0,00000
14010,00000	0,00000
14015,00000	0,00000
14020,00000	0,00000
14025,00000	0,00000
14030,00000	0,00000
14035,00000	0,00000
14040,00000	0,00000
14045,00000	0,00000
14050,00000	0,00000
14055,00000	0,00000
14060,00000	0,00000
14065,00000	0,00000
14070,00000	0,00000
14075,00000	0,00000
14080,00000	0,00000
14085,00000	0,00000
14090,00000	0,00000
14095,00000	0,00000
14100,00000	0,00000
14105,00000	0,00000
14110,00000	0,00000
14115,00000	0,00000
14120,00000	0,00000
14125,00000	0,00000
14130,00000	0,00000
14135,00000	0,00000
14140,00000	0,00000
14145,00000	0,00000
14150,00000	0,00000
14155,00000	0,00000
14160,00000	0,00000
14165,00000	0,00000
14170,00000	0,00000
14175,00000	0,00000
14180,00000	0,00000
14185,00000	0,00000
14190,00000	0,00000
14195,00000	0,00000
14200,00000	0,00000
14205,00000	0,00000
14210,00000	0,00000
14215,00000	0,00000
14220,00000	0,00000
14225,00000	0,00000
14230,00000	0,00000
14235,00000	0,00000
14240,00000	0,00000
14245,00000	0,00000
14250,00000	0,00000
14255,00000	0,00000
14260,00000	0,00000
14265,00000	0,00000
14270,00000	0,00000
14275,00000	0,00000
14280,00000	0,00000
14285,00000	0,00000
14290,00000	0,00000
14295,00000	0,00000
14300,00000	0,00000
14305,00000	0,00000
14310,00000	0,00000
14315,00000	0,00000
14320,00000	0,00000
14325,00000	0,00000
14330,00000	0,00000
14335,00000	0,00000
14340,00000	0,00000
14345,00000	0,00000
14350,00000	0,00000
14355,00000	0,00000
14360,00000	0,00000
14365,00000	0,00000
14370,00000	0,00000
14375,00000	0,00000
14380,00000	0,00000
14385,00000	0,00000
14390,00000	0,00000
14395,00000	0,00000
14400,00000	0,00000
14405,00000	0,00000
14410,00000	0,00000
14415,00000	0,00000
14420,00000	0,00000
14425,00000	0,00000
14430,00000	0,00000
14435,00000	0,00000
14440,00000	0,00000
14445,00000	0,00000
14450,00000	0,00000
14455,00000	0,00000
14460,00000	0,00000
14465,00000	0,00000
14470,00000	0,00000
14475,00000	0,00000
14480,00000	0,00000
14485,00000	0,00000
14490,00000	0,00000
14495,00000	0,00000
14500,00000	0,00000
14505,00000	0,00000
14510,00000	0,00000
14515,00000	0,00000
14520,00000	0,00000
14525,00000	0,00000
14530,00000	0,00000
14535,00000	0,00000
14540,00000	0,00000
14545,00000	0,00000
14550,00000	0,00000
14555,00000	0,00000
14560,00000	0,00000
14565,00000	0,00000
14570,00000	0,00000
14575,00000	0,00000
14580,00000	0,00000
14585,00000	0,00000
14590,00000	0,00000
14595,00000	0,00000
14600,00000	0,00000
14605,00000	0,00000
14610,00000	0,00000
14615,00000	0,00000
14620,00000	0,00000
14625,00000	0,00000
14630,00000	0,00000
14635,00000	0,00000
14640,00000	0,00000
14645,00000	0,00000
14650,00000	0,00000
14655,00000	0,00000
14660,00000	0,00000
14665,00000	0,00000
14670,00000	0,00000
14675,00000	0,00000
14680,00000	0,00000
14685,00000	0,00000
14690,00000	0,00000
14695,00000	0,00000
14700,00000	0,00000
14705,00000	0,00000
14710,00000	0,00000
14715,00000	0,00000
14720,00000	0,00000
14725,00000	0,00000
14730,00000	0,00000
14735,00000	0,00000
14740,00000	0,00000
14745,00000	0,00000
14750,00000	0,00000
14755,00000	0,00000
14760,00000	0,00000
14765,00000	0,00000
14770,00000	0,00000
14775,00000	0,00000
14780,00000	0,00000
14785,00000	0,00000
14790,00000	0,00000
14795,00000	0,00000
14800,00000	0,00000
14805,00000	0,00000
14810,00000	0,00000
14815,00000	0,00000
14820,00000	0,00000
14825,00000	0,00000
14830,00000	0,00000
14835,00000	0,00000
14840,00000	0,00000
14845,00000	0,00000
14850,00000	0,00000
14855,00000	0,00000
14860,00000	0,00000
14865,00000	0,00000
14870,00000	0,00000
14875,00000	0,00000
14880,00000	0,00000
14885,00000	0,00000
14890,00000	0,00000
14895,00000	0,00000
14900,00000	0,00000
14905,00000	0,00000
14910,00000	0,00000
14915,00000	0,00000
14920,00000	0,00000
14925,00000	0,00000
14930,00000	0,00000
14935,00000	0,00000
14940,00000	0,00000
14945,00000	0,00000
14950,00000	0,00000
14955,00000	0,00000
14960,00000	0,00000
14965,00000	0,00000
14970,00000	0,00000
14975,00000	0,00000
14980,00000	0,00000
14985,00000	0,00000
14990,00000	0,00000
14995,00000	0,00000
15000,00000	0,00000
15005,00000	0,00000
15010,00000	0,00000
15015,00000	0,00000
15020,00000	0,00000
15025,00000	0,00000
15030,00000	0,00000
15035,00000	0,00000
15040,00000	0,00000
15045,00000	0,00000
15050,00000	0,00000
15055,00000	0,00000
15060,00000	0,00000
15065,00000	0,00000
15070,00000	0,00000
15075,00000	0,00000
15080,00000	0,00000
15085,00000	0,00000
15090,00000	0,00000
15095,00000	0,00000
15100,00000	0,00000
15105,00000	0,00000
15110,00000	0,00000
15115,00000	0,00000
15120,00000	0,00000
15125,00000	0,00000
15130,00000	0,00000
15135,00000	0,00000
15140,00000	0,00000
15145,00000	0,00000
15150,00000	0,00000
15155,00000	0,00000
15160,00000	0,00000
15165,00000	0,00000
15170,00000	0,00000
15175,00000	0,00000
15180,00000	0,00000
15185,00000	0,00000
15190,00000	0,00000
15195,00000	0,00000
15200,00000	0,00000
15205,00000	0,00000
15210,00000	0,00000
15215,00000	0,00000
15220,00000	0,00000
15225,00000	0,00000
15230,00000	0,00000
15235,00000	0,00000
15240,00000	0,00000
15245,00000	0,00000
15250,00000	0,00000
15255,00000	0,00000
15260,00000	0,00000
15265,00000	0,00000
15270,00000	0,00000
15275,00000	0,00000
15280,00000	0,00000
15285,00000	0,00000
15290,00000	0,00000
15295,00000	0,00000
15300,00000	0,00000
15305,00000	0,00000
15310,00000	0,00000
15315,00000	0,00000
15320,00000	0,00000
15325,00000	0,00000
15330,00000	0,00000
15335,00000	0,00000
15340,00000	0,00000
15345,00000	0,00000
15350,00000	0,00000
15355,00000	0,00000
15360,00000	0,00000
15365,00000	0,00000
15370,00000	0,00000
15375,00000	0,00000
15380,00000	0,00000
15385,00000	0,00000
15390,00000	0,00000
15395,00000	0,00000
15400,00000	0,00000
15405,00000	0,00000
15410,00000	0,00000
15415,00000	0,00000
15420,00000	0,00000
15425,00000	0,00000
15430,00000	0,00000
15435,00000	0,00000
15440,00000	0,00000
15445,00000	0,00000
15450,00000	0,00000
15455,00000	0,00000
15460,00000	0,00000
15465,00000	0,00000
15470,00000	0,00000
15475,00000	0,00000
15480,00000	0,00000
15485,00000	0,00000
15490,00000	0,00000
15495,00000	0,00000
15500,00000	0,00000
15505,00000	0,00000
15510,00000	0,00000
15515,00000	0,00000
15520,00000	0,00000
15525,00000	0,00000
15530,00000	0,00000
15535,00000	0,00000
15540,00000	0,00000
15545,00000	0,00000
15550,00000	0,00000
15555,00000	0,00000
15560,00000	0,00000
15565,00000	0,00000
15570,00000	0,00000
15575,00000	0,00000
15580,00000	0,00000
15585,00000	0,00000
15590,00000	0,00000
15595,00000	0,00000
15600,00000	0,00000
15605,00000	0,00000
15610,00000	0,00000
15615,00000	0,00000
15620,00000	0,00000
15625,00000	0,00000
15630,00000	0,00000
15635,00000	0,00000
15640,00000	0,00000
15645,00000	0,00000
15650,00000	0,00000
15655,00000	0,00000
15660,00000	0,00000
15665,00000	0,00000
15670,00000	0,00000
15675,00000	0,00000
15680,00000	0,00000
15685,00000	0,00000
15690,00000	0,00000
15695,00000	0,00000
15700,00000	0,00000
15705,00000	0,00000
15710,00000	0,00000
15715,00000	0,00000
15720,00000	0,00000
15725,00000	0,00000
15730,00000	0,00000
15735,00000	0,00000
15740,00000	0,00000
15745,00000	0,00000
15750,00000	0,00000
15755,00000	0,00000
15760,00000	0,00000
15765,00000	0,00000
15770,00000	0,00000
15775,00000	0,00000
15780,00000	0,00000
15785,00000	0,00000
15790,00000	0,00000
15795,00000	0,00000
15800,00000	0,00000
15805,00000	0,00000
15810,00000	0,00000
15815,00000	0,00000
15820,00000	0,00000
15825,00000	0,00000
15830,00000	0,00000
15835,00000	0,00000
15840,00000	0,00000
15845,00000	0,00000
15850,00000	0,00000
15855,00000	0,00000
15860,00000	0,00000
15865,00000	0,00000
15870,00000	0,00000
15875,00000	0,00000
15880,00000	0,00000
15885,00000	0,00000
15890,00000	0,00000
15895,00000	0,00000
15900,00000	0,00000
15905,00000	0,00000
15910,00000	0,00000
15915,00000	0,00000
15920,00000	0,00000
15925,00000	0,00000
15930,00000	0,00000
15935,00000	0,00000
15940,00000	0,00000
15945,00000	0,00000
15950,00000	0,00000
15955,00000	0,00000
15960,00000	0,00000
15965,00000	0,00000
15970,00000	0,00000
15975,00000	0,00000
15980,00000	0,00000
15985,00000	0,00000
15990,00000	0,00000
15995,00000	0,00000
16000,00000	0,00000
16005,00000	0,00000
16010,00000	0,00000
16015,00000	0,00000
16020,00000	0,00000
16025,00000	0,00000
16030,00000	0,00000
16035,00000	0,00000
16040,00000	0,00000
16045,00000	0,00000
16050,00000	0,00000
16055,00000	0,00000
16060,00000	0,00000
16065,00000	0,00000
16070,00000	0,00000
16075,00000	0,00000
16080,00000	0,00000
16085,00000	0,00000
16090,00000	0,00000
16095,00000	0,00000
16100,00000	0,00000
16105,00000	0,00000
16110,00000	0,00000
16115,00000	0,00000
16120,00000	0,00000
16125,00000	0,00000
16130,00000	0,00000
16135,00000	0,00000
16140,00000	0,00000
16145,00000	0,00000
16150,00000	0,00000
16155,00000	0,00000
16160,00000	0,00000
16165,00000	0,00000
16170,00000	0,00000
16175,00000	0,00000
16180,00000	0,00000
16185,00000	0,00000
16190,00000	0,00000
16195,00000	0,00000
16200,00000	0,00000
16205,00000	0,00000
16210,00000	0,00000
16215,00000	0,00000
16220,00000	0,00000
16225,00000	0,00000
16230,00000	0,00000
16235,00000	0,00000
16240,00000	0,00000
16245,00000	0,00000
16250,00000	0,00000
16255,00000	0,00000
16260,00000	0,00000
16265,00000	0,00000
16270,00000	0,00000
16275,00000	0,00000
16280,00000	0,00000
16285,00000	0,00000
16290,00000	0,00000
16295,00000	0,00000
16300,00000	0,00000
16305,00000	0,00000
16310,00000	0,00000
16315,00000	0,00000
16320,00000	0,00000
16325,00000	0,00000
16330,00000	0,00000
16335,00000	0,00000
16340,00000	0,00000
16345,00000	0,00000
16350,00000	0,00000
16355,00000	0,00000
16360,00000	0,00000
16365,00000	0,00000
16370,00000	0,00000
16375,00000	0,00000
16380,00000	0,00000
16385,00000	0,00000
16390,00000	0,00000
16395,00000	0,00000
16400,00000	0,00000
16405,00000	0,00000
16410,00000	0,00000
16415,00000	0,00000
16420,00000	0,00000
16425,00000	0,00000
16430,00000	0,00000
16435,00000	0,00000
16440,00000	0,00000
16445,00000	0,00000
16450,00000	0,00000
16455,00000	0,00000
16460,00000	0,00000
16465,00000	0,00000
16470,00000	0,00000
16475,00000	0,00000
16480,00000	0,00000
16485,00000	0,00000
16490,00000	0,00000
16495,00000	0,00000
16500,00000	0,00000
16505,00000	0,00000
16510,00000	0,00000
16515,00000	0,00000
16520,00000	0,00000
16525,00000	0,00000
16530,00000	0,00000
16535,00000	0,00000
16540,00000	0,00000
16545,00000	0,00000
16550,00000	0,00000
16555,00000	0,00000
16560,00000	0,00000
16565,00000	0,00000
16570,00000	0,00000
16575,00000	0,00000
16580,00000	0,00000
16585,00000	0,00000
16590,00000	0,00000
16595,00000	0,00000
16600,00000	0,00000
16605,00000	0,00000
16610,00000	0,00000
16615,00000	0,00000
16620,00000	0,00000
16625,00000	0,00000
16630,00000	0,00000
16635,00000	0,00000
16640,00000	0,00000
16645,00000	0,00000
16650,00000	0,00000
16655,00000	0,00000
16660,00000	0,00000
16665,00000	0,00000
16670,00000	0,00000
16675,00000	0,00000
16680,00000	0,00000
16685,00000	0,00000
16690,00000	0,00000
16695,00000	0,00000
16700,00000	0,00000
16705,00000	0,00000
16710,00000	0,00000
16715,00000	0,00000
16720,00000	0,00000
16725,00000	0,00000
16730,00000	0,00000
16735,00000	0,00000
16740,00000	0,00000
16745,00000	0,00000
16750,00000	0,00000
16755,00000	0,00000
16760,00000	0,00000
16765,00000	0,00000
16770,00000	0,00000
16775,00000	0,00000
16780,00000	0,00000
16785,00000	0,00000
16790,00000	0,00000
16795,00000	0,00000
16800,00000	0,00000
16805,00000	0,00000
16810,00000	0,00000
16815,00000	0,00000
16820,00000	0,00000
16825,00000	0,00000
16830,00000	0,00000
16835,00000	0,00000
16840,00000	0,00000
16845,00000	0,00000
16850,00000	0,00000
16855,00000	0,00000
16860,00000	0,00000
16865,00000	0,00000
16870,00000	0,00000
16875,00000	0,00000
16880,00000	0,00000
16885,00000	0,00000
16890,00000	0,00000
16895,00000	0,00000
16900,00000	0,00000
16905,00000	0,00000
16910,00000	0,00000
16915,00000	0,00000
16920,00000	0,00000
16925,00000	0,00000
16930,00000	0,00000
16935,00000	0,00000
16940,00000	0,00000
16945,00000	0,00000
16950,00000	0,00000
16955,00000	0,00000
16960,00000	0,00000
16965,00000	0,00000
16970,00000	0,00000
16975,00000	0,00000
16980,00000	0,00000
16985,00000	0,00000
16990,00000	0,00000
16995,00000	0,00000
17000,00000	0,00000
17005,00000	0,00000
17010,00000	0,00000
17015,00000	0,00000
17020,00000	0,00000
17025,00000	0,00000
17030,00000	0,00000
17035,00000	0,00000
17040,00000	0,00000
17045,00000	0,00000
17050,00000	0,00000
17055,00000	0,00000
17060,00000	0,00000
17065,00000	0,00000
17070,00000	0,00000
17075,00000	0,00000
17080,00000	0,00000
17085,00000	0,00000
17090,00000	0,00000
17095,00000	0,00000
17100,00000	0,00000
17105,00000	0,00000
17110,00000	0,00000
17115,00000	0,00000
17120,00000	0,00000
17125,00000	0,00000
17130,00000	0,00000
17135,00000	0,00000
17140,00000	0,00000
17145,00000	0,00000
17150,00000	0,00000
17155,00000	0,00000
17160,00000	0,00000
17165,00000	0,00000
17170,00000	0,00000
17175,00000	0,00000
17180,00000	0,00000
17185,00000	0,00000
17190,00000	0,00000
17195,00000	0,00000
17200,00000	0,00000
17205,00000	0,00000
17210,00000	0,00000
17215,00000	0,00000
17220,00000	0,00000
17225,00000	0,00000
17230,00000	0,00000
17235,00000	0,00000
17240,00000	0,00000
17245,00000	0,00000
17250,00000	0,00000
17255,00000	0,00000
17260,00000	0,00000
17265,00000	0,00000
17270,00000	0,00000
17275,00000	0,00000
17280,00000	0,00000
17285,00000	0,00000
17290,00000	0,00000
17295,00000	0,00000
17300,00000	0,00000
17305,00000	0,00000
17310,00000	0,00000
17315,00000	0,00000
17320,00000	0,00000
17325,00000	0,00000
17330,00000	0,00000
17335,00000	0,00000
17340,00000	0,00000
17345,00000	0,00000
17350,00000	0,00000
17355,00000	0,00000
17360,00000	0,00000
17365,00000	0,00000
17370,00000	0,00000
17375,00000	0,00000
17380,00000	0,00000
17385,00000	0,00000
17390,00000	0,00000
17395,00000	0,00000
17400,00000	0,00000
17405,00000	0,00000
17410,00000	0,00000
17415,00000	0,00000
17420,00000	0,00000
17425,00000	0,00000
17430,00000	0,00000
17435,00000	0,00000
17440,00000	0,00000
17445,00000	0,00000
17450,00000	0,00000
17455,00000	0,00000
17460,00000	0,00000
17465,00000	0,00000
17470,00000	0,00000
17475,00000	0,00000
17480,00000	0,00000
17485,00000	0,00000
17490,00000	0,00000
17495,00000	0,00000
17500,00000	0,00000
17505,00000	0,00000
17510,00000	0,00000
17515,00000	0,00000
17520,00000	0,00000
17525,00000	0,00000
17530,00000	0,00000
17535,00000	0,00000
17540,00000	0,00000
17545,00000	0,00000
17550,00000	0,00000
17555,00000	0,00000
17560,00000	0,00000
17565,00000	0,00000
17570,00000	0,00000
17575,00000	0,00000
17580,00000	0,00000
17585,00000	0,00000
17590,00000	0,00000
17595,00000	0,00000
17600,00000	0,00000
17605,00000	0,00000
17610,00000	0,00000
17615,00000	0,00000
17620,00000	0,00000
17625,00000	0,00000
17630,00000	0,00000
17635,00000	0,00000
17640,00000	0,00000
17645,00000	0,00000
17650,00000	0,00000
17655,00000	0,00000
17660,00000	0,00000
17665,00000	0,00000
17670,00000	0,00000
17675,00000	0,00000
17680,00000	0,00000
17685,00000	0,00000
17690,00000	0,00000
17695,00000	0,00000
17700,00000	0,00000
17705,00000	0,00000
17710,00000	0,00000
17715,00000	0,00000
17720,00000	0,00000
17725,00000	0,00000
17730,00000	0,00000
17735,00000	0,00000
17740,00000	0,00000
17745,00000	0,00000
17750,00000	0,00000
17755,00000	0,00000
17760,00000	0,00000
17765,00000	0,00000
17770,00000	0,00000
17775,00000	0,00000
17780,00000	0,00000
17785,00000	0,00000
17790,00000	0,00000
17795,00000	0,00000
17800,00000	0,00000
17805,00000	0,00000
17810,00000	0,00000
17815,00000	0,00000
17820,00000	0,00000
17825,00000	0,00000
17830,00000	0,00000
17835,00000	0,00000
17840,00000	0,00000
17845,00000	0,00000
17850,00000	0,00000
17855,00000	0,00000
17860,00000	0,00000
17865,00000	0,00000
17870,00000	0,00000
17875,00000	0,00000
17880,00000	0,00000
17885,00000	0,00000
17890,00000	0,00000
17895,00000	0,00000
17900,00000	0,00000
17905,00000	0,00000
17910,00000	0,00000
17915,00000	0,00000
17920,00000	0,00000
17925,00000	0,00000
17930,00000	0,00000
17935,00000	0,00000
17940,00000	0,00000
17945,00000	0,00000
17950,00000	0,00000
17955,00000	0,00000
17960,00000	0,00000
17965,00000	0,00000
17970,00000	0,00000
17975,00000	0,00000
17980,00000	0,00000
17985,00000	0,00000
17990,00000	0,00000
17995,00000	0,00000
18000,00000	0,00000
18005,00000	0,00000
18010,00000	0,00000
18015,00000	0,00000
18020,00000	0,00000
18025,00000	0,00000
18030,00000	0,00000
18035,00000	0,00000
18040,00000	0,00000
18045,00000	0,00000
18050,00000	0,00000
18055,00000	0,00000
18060,00000	0,00000
18065,00000	0,00000
18070,00000	0,00000
18075,00000	0,00000
18080,00000	0,00000
18085,00000	0,00000
18090,00000	0,00000
18095,00000	0,00000
18100,00000	0,00000
18105,00000	0,00000
18110,00000	0,00000
18115,00000	0,00000
18120,00000	0,00000
18125,00000	0,00000
18130,00000	0,00000
18135,00000	0,00000
18140,00000	0,00000
18145,00000	0,00000
18150,00000	0,00000
18155,00000	0,00000
18160,00000	0,00000
18165,00000	0,00000
18170,00000	0,00000
18175,00000	0,00000
18180,00000	0,00000
18185,00000	0,00000
18190,00000	0,00000
18195,00000	0,00000
18200,00000	0,00000
18205,00000	0,00000
18210,00000	0,00000
18215,00000	0,00000
18220,00000	0,00000
18225,00000	0,00000
18230,00000	0,00000
18235,00000	0,00000
18240,00000	0,00000
18245,00000	0,00000
18250,00000	0,00000
18255,00000	0,00000
18260,00000	0,00000
18265,00000	0,00000
18270,00000	0,00000
18275,00000	0,00000
18280,00000	0,00000
18285,00000	0,00000
18290,00000	0,00000
18295,00000	0,00000
18300,00000	0,00000
18305,00000	0,00000
18310,00000	0,00000
18315,00000	0,00000
18320,00000	0,00000
18325,00000	0,00000
18330,00000	0,00000
18335,00000	0,00000
18340,00000	0,00000
18345,00000	0,00000
18350,00000	0,00000
18355,00000	0,00000
18360,00000	0,00000
18365,00000	0,00000
18370,00000	0,00000
18375,00000	0,00000
18380,00000	0,00000
18385,00000	0,00000
18390,00000	0,00000
18395,00000	0,00000
18400,00000	0,00000
18405,00000	0,00000
18410,00000	0,00000
18415,00000	0,00000
18420,00000	0,00000
18425,00000	0,00000
18430,00000	0,00000
18435,00000	0,00000
18440,00000	0,00000
18445,00000	0,00000
18450,00000	0,00000
18455,00000	0,00000
18460,00000	0,00000
18465,00000	0,00000
18470,00000	0,00000
18475,00000	0,00000
18480,00000	0,00000
18485,00000	0,00000
18490,00000	0,00000
18495,00000	0,00000
18500,00000	0,00000
18505,00000	0,00000
18510,00000	0,00000
18515,00000	0,00000
18520,00000	0,00000
18525,00000	0,00000
18530,00000	0,00000
18535,00000	0,00000
18540,00000	0,00000
18545,00000	0,00000
18550,00000	0,00000
18555,00000	0,00000
18560,00000	0,00000
18565,00000	0,00000
18570,00000	0,00000
18575,00000	0,00000
18580,00000	0,00000
18585,00000	0,00000
18590,00000	0,00000
18595,00000	0,00000
18600,00000	0,00000
18605,00000	0,00000
18610,00000	0,00000
18615,00000	0,00000
18620,00000	0,00000
18625,00000	0,00000
18630,00000	0,00000
18635,00000	0,00000
18640,00000	0,00000
18645,00000	0,00000
18650,00000	0,00000
18655,00000	0,00000
18660,00000	0,00000
18665,00000	0,00000
18670,00000	0,00000
18675,00000	0,00000
18680,00000	0,00000
18685,00000	0,00000
18690,00000	0,00000
18695,00000	0,00000
18700,00000	0,00000
18705,00000	0,00000
18710,00000	0,00000
18715,00000	0,00000
18720,00000	0,00000
18725,00000	0,00000
18730,00000	0,00000
18735,00000	0,00000
18740,00000	0,00000
18745,00000	0,00000
18750,00000	0,00000
18755,00000	0,00000
18760,00000	0,00000
18765,00000	0,00000
18770,00000	0,00000
18775,00000	0,00000
18780,00000	0,00000
18785,00000	0,00000
18790,00000	0,00000
18795,00000	0,00000
18800,00000	0,00000
18805,00000	0,00000
18810,00000	0,00000
18815,00000	0,00000
18820,00000	0,00000
18825,00000	0,00000
18830,00000	0,00000
18835,00000	0,00000
18840,00000	0,00000
18845,00000	0,00000
18850,00000	0,00000
18855,00000	0,00000
18860,00000	0,00000
18865,00000	0,00000
18870,00000	0,00000
18875,00000	0,00000
18880,00000	0,00000
18885,00000	0,00000
18890,00000	0,00000
18895,00000	0,00000
18900,00000	0,00000
18905,00000	0,00000
18910,00000	0,00000
18915,00000	0,00000
18920,00000	0,00000
18925,00000	0,00000
18930,00000	0,00000
18935,00000	0,00000
18940,00000	0,00000
18945,00000	0,00000
18950,00000	0,00000
18955,00000	0,00000
18960,00000	0,00000
18965,00000	0,00000
18970,00000	0,00000
18975,00000	0,00000
18980,00000	0,00000
18985,00000	0,00000
18990,00000	0,00000
18995,00000	0,00000
19000,00000	0,00000
19005,00000	0,00000
19010,00000	0,00000
19015,00000	0,00000
19020,00000	0,00000
19025,00000	0,00000
19030,00000	0,00000
19035,00000	0,00000
19040,00000	0,00000
19045,00000	0,00000
19050,00000	0,00000
19055,00000	0,00000
19060,00000	0,00000
19065,00000	0,00000
19070,00000	0,00000
19075,00000	0,00000
19080,00000	0,00000
19085,00000	0,00000
19090,00000	0,00000
19095,00000	0,00000
19100,00000	0,00000
19105,00000	0,00000
19110,00000	0,00000
19115,00000	0,00000
19120,00000	0,00000
19125,00000	0,00000
19130,00000	0,00000
19135,00000	0,00000
19140,00000	0,00000
19145,00000	0,00000
19150,00000	0,00000
19155,00000	0,00000
19160,00000	0,00000
19165,00000	0,00000
19170,00000	0,00000
19175,00000	0,00000
19180,00000	0,00000
19185,00000	0,00000
19190,00000	0,00000
19195,00000	0,00000
19200,00000	0,00000
19205,00000	0,00000
19210,00000	0,00000
19215,00000	0,00000
19220,00000	0,00000
19225,00000	0,00000
19230,00000	0,00000
19235,00000	0,00000
19240,00000	0,00000
19245,00000	0,00000
19250,00000	0,00000
19255,00000	0,00000
19260,00000	0,00000
19265,00000	0,00000
19270,00000	0,00000
19275,00000	0,00000
19280,00000	0,00000
19285,00000	0,00000
19290,00000	0,00000
19295,00000	0,00000
19300,00000	0,00000
19305,00000	0,00000
19310,00000	0,00000
19315,00000	0,00000
19320,00000	0,00000
19325,00000	0,00000
19330,00000	0,00000
19335,00000	0,00000
19340,00000	0,00000
19345,00000	0,00000
19350,00000	0,00000
19355,00000	0,00000
19360,00000	0,00000
19365,00000	0,00000
19370,00000	0,00000
19375,00000	0,00000
19380,00000	0,00000
19385,00000	0,00000
19390,00000	0,00000
19395,00000	0,00000
19400,00000	0,00000
19405,00000	0,00000
19410,00000	0,00000
19415,00000	0,00000
19420,00000	0,00000
19425,00000	0,00000
19430,00000	0,00000
19435,00000	0,00000
19440,00000	0,00000
19445,00000	0,00000
19450,00000	0,00000
19455,00000	0,00000
19460,00000	0,00000
19465,00000	0,00000
19470,00000	0,00000
19475,00000	0,00000
19480,00000	0,00000
19485,00000	0,00000
19490,00000	0,00000
19495,00000	0,00000
19500,00000	0,00000
19505,00000	0,00000
19510,00000	0,00000
19515,00000	0,00000
19520,00000	0,00000
19525,00000	0,00000
19530,00000	0,00000
19535,00000	0,00000
19540,00000	0,00000
19545,00000	0,00000
19550,00000	0,00000
19555,00000	0,00000
19560,00000	0,00000
19565,00000	0,00000
19570,00000	0,00000
19575,00000	0,00000
19580,00000	0,00000
19585,00000	0,00000
19590,00000	0,00000
19595,00000	0,00000
19600,00000	0,00000
19605,00000	0,00000
19610,00000	0,00000
19615,00000	0,00000
19620,00000	0,00000
19625,00000	0,00000
19630,00000	0,00000
19635,00000	0,00000
19640,00000	0,00000
19645,00000	0,00000
19650,00000	0,00000
19655,00000	0,00000
19660,00000	0,00000
19665,00000	0,00000
19670,00000	0,00000
19675,00000	0,00000
19680,00000	0,00000
19685,00000	0,00000
19690,00000	0,00000
19695,00000	0,00000
19700,00000	0,00000
19705,00000	0,00000
19710,00000	0,00000
19715,00000	0,00000
19720,00000	0,00000
19725,00000	0,00000
19730,00000	0,00000
19735,00000	0,00000
19740,00000	0,00000
19745,00000	0,00000
19750,00000	0,00000
19755,00000	0,00000
19760,00000	0,00000
19765,00000	0,00000
19770,00000	0,00000
19775,00000	0,00000
19780,00000	0,00000
19785,00000	0,00000
19790,00000	0,00000
19795,00000	0,00000
19800,00000	0,00000
19805,00000	0,00000
19810,00000	0,00000
19815,00000	0,00000
19820,00000	0,00000
19825,00000	0,00000
19830,00000	0,00000
19835,00000	0,00000
19840,00000	0,00000
19845,00000	0,00000
19850,00000	0,00000
19855,00000	0,00000
19860,00000	0,00000
19865,00000	0,00000
19870,00000	0,00000
19875,00000	0,00000
19880,00000	0,00000
19885,00000	0,00000
19890,00000	0,00000
19895,00000	0,00000
19900,00000	0,00000
19905,00000	0,00000
19910,00000	0,00000
19915,00000	0,00000
19920,00000	0,00000
19925,00000	0,00000
19930,00000	0,00000
19935,00000	0,00000
19940,00000	0,00000
19945,00000	0,00000
19950,00000	0,00000
19955,00000	0,00000
19960,00000	0,00000
19965,00000	0,00000
19970,00000	0,00000
19975,00000	0,00000
19980,00000	0,00000
19985,00000	0,00000
19990,00000	0,00000
19995,00000	0,00000
20000,00000	0,00000
20005,00000	0,00000
20010,00000	0,00000
20015,00000	0,00000
20020,00000	0,00000
20025,00000	0,00000
20030,00000	0,00000
20035,00000	0,00000
20040,00000	0,00000
20045,00000	0,00000
20050,00000	0,00000
20055,00000	0,00000
20060,00000	0,00000
20065,00000	0,00000
20070,00000	0,00000
20075,00000	0,00000
20080,00000	0,00000
20085,00000	0,00000
20090,00000	0,00000
20095,00000	0,00000
20100,00000	0,00000
20105,00000	0,00000
20110,00000	0,00000
20115,00000	0,00000
20120,00000	0,00000
20125,00000	0,00000
20130,00000	0,00000
20135,00000	0,00000
20140,00000	0,00000
20145,00000	0,00000
20150,00000	0,00000
20155,00000	0,00000
20160,00000	0,00000
20161,00000	0,00000
